0
     0 496 0.83531 0.78376 0.008700000000000
     1 233 0.83696 0.78427 0.008680000000000
     2 253 0.83068 0.78485 0.008660000000000
     3 348 0.83087 0.78491 0.008640000000000
     4 347 0.83273 0.78622 0.008620000000000
     5 494 0.82539 0.78548 0.008600000000000
     6 742 0.83755 0.78528 0.008580000000000
     7 951 0.83375 0.78579 0.008560000000000
     8 243 0.83363 0.78587 0.008540000000000
     9 224 0.83457 0.78523 0.008520000000000
    10 446 0.83212 0.78628 0.008500000000000
    11 770 0.83200 0.78516 0.008480000000000
    12 585 0.83190 0.78616 0.008460000000000
    13 791 0.83300 0.78562 0.008440000000000
    14 58 0.82663 0.78567 0.008420000000000
    15 502 0.83291 0.78527 0.008400000000000
    16 796 0.83675 0.78639 0.008380000000000
    17 453 0.83096 0.78624 0.008360000000000
    18 459 0.82735 0.78575 0.008340000000000
    19 773 0.85011 0.78639 0.008320000000000
    20 82 0.83356 0.78587 0.008300000000000
    21 822 0.84388 0.78527 0.008280000000000
    22 645 0.83561 0.78636 0.008260000000000
    23 284 0.83262 0.78625 0.008240000000000
    24 794 0.83351 0.78603 0.008220000000000
    25 283 0.83518 0.78670 0.008200000000000
    26 574 0.83387 0.78655 0.008180000000000
    27 761 0.83913 0.78712 0.008160000000000
    28 728 0.83698 0.78691 0.008140000000000
    29 508 0.82728 0.78638 0.008120000000000
    30 951 0.83640 0.78627 0.008100000000000
    31 413 0.83525 0.78602 0.008080000000000
    32 157 0.82976 0.78760 0.008060000000000
    33 711 0.83547 0.78719 0.008040000000000
    34 447 0.83161 0.78689 0.008020000000000
    35 750 0.83689 0.78756 0.008000000000000
    36 684 0.83058 0.78700 0.007980000000000
    37 206 0.84598 0.78676 0.007960000000000
    38  8 0.83596 0.78587 0.007940000000000
    39  2 0.83301 0.78658 0.007920000000000
    40 203 0.83914 0.78665 0.007900000000000
    41 648 0.83087 0.78553 0.007880000000000
    42 793 0.84200 0.78609 0.007860000000000
    43 263 0.83638 0.78563 0.007840000000000
    44 923 0.83506 0.78615 0.007820000000000
    45 163 0.82966 0.78611 0.007800000000000
    46 831 0.82816 0.78646 0.007780000000000
    47 418 0.83396 0.78671 0.007760000000000
    48 817 0.83590 0.78580 0.007740000000000
    49 594 0.83937 0.78592 0.007720000000000
    50 884 0.83564 0.78620 0.007700000000000
    51 682 0.84239 0.78732 0.007680000000000
    52 945 0.83247 0.78573 0.007660000000000
    53 62 0.83562 0.78629 0.007640000000000
    54 612 0.83020 0.78774 0.007620000000000
    55 309 0.84062 0.78725 0.007600000000000
    56 47 0.83637 0.78613 0.007580000000000
    57 598 0.83388 0.78714 0.007560000000000
    58 473 0.83545 0.78600 0.007540000000000
    59 415 0.83522 0.78600 0.007520000000000
    60 988 0.83489 0.78641 0.007500000000000
    61 291 0.83167 0.78735 0.007480000000000
    62 803 0.83120 0.78729 0.007460000000000
    63 266 0.83665 0.78707 0.007440000000000
    64 573 0.83345 0.78640 0.007420000000000
    65 389 0.83407 0.78617 0.007400000000000
    66 424 0.83357 0.78617 0.007380000000000
    67 797 0.82795 0.78688 0.007360000000000
    68 135 0.83536 0.78755 0.007340000000000
    69 440 0.82650 0.78664 0.007320000000000
    70 847 0.83799 0.78649 0.007300000000000
    71 440 0.82786 0.78687 0.007280000000000
    72 896 0.83405 0.78674 0.007260000000000
    73 801 0.82812 0.78717 0.007240000000000
    74 715 0.82942 0.78727 0.007220000000000
    75 226 0.83318 0.78678 0.007200000000000
    76 378 0.83070 0.78778 0.007180000000000
    77 866 0.83118 0.78814 0.007160000000000
    78 132 0.82917 0.78672 0.007140000000000
    79 88 0.82935 0.78652 0.007120000000000
    80 222 0.82802 0.78652 0.007100000000000
    81 585 0.82933 0.78757 0.007080000000000
    82 430 0.83340 0.78626 0.007060000000000
    83 312 0.83023 0.78752 0.007040000000000
    84 745 0.82813 0.78685 0.007020000000000
    85 135 0.83458 0.78743 0.007000000000000
    86 60 0.83633 0.78799 0.006980000000000
    87 508 0.83708 0.78681 0.006960000000000
    88 990 0.82934 0.78714 0.006940000000000
    89 998 0.83594 0.78729 0.006920000000000
    90 669 0.84385 0.78756 0.006900000000000
    91 555 0.83415 0.78652 0.006880000000000
    92 447 0.85052 0.78658 0.006860000000000
    93 56 0.82721 0.78545 0.006840000000000
    94 665 0.83134 0.78629 0.006820000000000
    95 755 0.82947 0.78646 0.006800000000000
    96 839 0.82652 0.78739 0.006780000000000
    97 646 0.84202 0.78777 0.006760000000000
    98 933 0.83003 0.78687 0.006740000000000
    99 843 0.83259 0.78823 0.006720000000000
   100 827 0.83742 0.78701 0.006700000000000
   101 804 0.83078 0.78854 0.006680000000000
   102 936 0.84965 0.78782 0.006660000000000
   103 962 0.83881 0.78744 0.006640000000000
   104 377 0.82896 0.78692 0.006620000000000
   105 892 0.83920 0.78709 0.006600000000000
   106 560 0.83281 0.78718 0.006580000000000
   107 313 0.83029 0.78722 0.006560000000000
   108 361 0.83099 0.78709 0.006540000000000
   109 646 0.83429 0.78778 0.006520000000000
   110 983 0.82762 0.78774 0.006500000000000
   111 753 0.83670 0.78717 0.006480000000000
   112 967 0.83378 0.78644 0.006460000000000
   113 11 0.83490 0.78650 0.006440000000000
   114 315 0.83508 0.78719 0.006420000000000
   115 191 0.82899 0.78686 0.006400000000000
   116 63 0.83116 0.78805 0.006380000000000
   117 643 0.83162 0.78728 0.006360000000000
   118 269 0.83805 0.78602 0.006340000000000
   119 977 0.83939 0.78741 0.006320000000000
   120 613 0.83571 0.78776 0.006300000000000
   121 378 0.82574 0.78736 0.006280000000000
   122 125 0.83469 0.78735 0.006260000000000
   123 574 0.83803 0.78821 0.006240000000000
   124 37 0.82976 0.78850 0.006220000000000
   125 38 0.82593 0.78749 0.006200000000000
   126 90 0.84012 0.78883 0.006180000000000
   127 719 0.83230 0.78890 0.006160000000000
   128 116 0.83422 0.78893 0.006140000000000
   129 57 0.83041 0.78967 0.006120000000000
   130 600 0.83077 0.78892 0.006100000000000
   131 320 0.82928 0.78803 0.006080000000000
   132 491 0.83652 0.78903 0.006060000000000
   133 357 0.83361 0.78798 0.006040000000000
   134  4 0.83621 0.78803 0.006020000000000
   135 768 0.83630 0.78852 0.006000000000000
   136 492 0.83537 0.78882 0.005980000000000
   137 861 0.83235 0.78813 0.005960000000000
   138 291 0.84346 0.78824 0.005940000000000
   139 26 0.83432 0.78812 0.005920000000000
   140 732 0.83500 0.78854 0.005900000000000
   141 312 0.82954 0.78925 0.005880000000000
   142 748 0.83143 0.78767 0.005860000000000
   143 387 0.83111 0.78806 0.005840000000000
   144 239 0.83621 0.78778 0.005820000000000
   145 623 0.82781 0.78782 0.005800000000000
   146 877 0.83530 0.78838 0.005780000000000
   147 90 0.83082 0.78827 0.005760000000000
   148 449 0.83637 0.78879 0.005740000000000
   149 782 0.83452 0.78872 0.005720000000000
   150 714 0.83500 0.78837 0.005700000000000
   151  2 0.83456 0.78809 0.005680000000000
   152 527 0.84349 0.78798 0.005660000000000
   153 682 0.83137 0.78839 0.005640000000000
   154 186 0.82895 0.78810 0.005620000000000
   155 873 0.83282 0.78795 0.005600000000000
   156 337 0.83271 0.78819 0.005580000000000
   157 326 0.83632 0.78800 0.005560000000000
   158 227 0.82835 0.78914 0.005540000000000
   159 151 0.84151 0.78927 0.005520000000000
   160 213 0.83945 0.78977 0.005500000000000
   161 413 0.83317 0.78904 0.005480000000000
   162 997 0.84127 0.78837 0.005460000000000
   163 885 0.83688 0.78885 0.005440000000000
   164 75 0.83504 0.78870 0.005420000000000
   165 942 0.83899 0.78949 0.005400000000000
   166 883 0.83018 0.78872 0.005380000000000
   167 692 0.83118 0.78945 0.005360000000000
   168 510 0.83298 0.78948 0.005340000000000
   169 347 0.83000 0.79001 0.005320000000000
   170 431 0.84162 0.79084 0.005300000000000
   171 703 0.83667 0.78962 0.005280000000000
   172 956 0.83325 0.78974 0.005260000000000
   173 693 0.83648 0.78992 0.005240000000000
   174 960 0.83457 0.79031 0.005220000000000
   175 501 0.84419 0.78851 0.005200000000000
   176 355 0.84383 0.78905 0.005180000000000
   177 556 0.83307 0.78990 0.005160000000000
   178 491 0.83987 0.79019 0.005140000000000
   179 400 0.83036 0.78923 0.005120000000000
   180 240 0.83158 0.78892 0.005100000000000
   181 250 0.83272 0.78961 0.005080000000000
   182 976 0.83760 0.78924 0.005060000000000
   183 190 0.83771 0.78931 0.005040000000000
   184 423 0.83883 0.79010 0.005020000000000
   185 855 0.83248 0.79046 0.005000000000000
   186 604 0.84112 0.78970 0.004980000000000
   187 847 0.83235 0.78896 0.004960000000000
   188 335 0.83373 0.78938 0.004940000000000
   189 600 0.83258 0.78953 0.004920000000000
   190 238 0.83683 0.78905 0.004900000000000
   191 322 0.84111 0.79017 0.004880000000000
   192 981 0.83935 0.78965 0.004860000000000
   193 579 0.83536 0.79058 0.004840000000000
   194 902 0.84042 0.79024 0.004820000000000
   195 799 0.83257 0.79059 0.004800000000000
   196 979 0.84037 0.79007 0.004780000000000
   197 18 0.83334 0.79049 0.004760000000000
   198 33 0.83611 0.79035 0.004740000000000
   199 485 0.84453 0.79062 0.004720000000000
   200 645 0.83598 0.79025 0.004700000000000
   201 132 0.82954 0.78937 0.004680000000000
   202 584 0.83173 0.79084 0.004660000000000
   203 144 0.83549 0.79095 0.004640000000000
   204 223 0.83352 0.79177 0.004620000000000
   205 417 0.84091 0.79094 0.004600000000000
   206 767 0.83365 0.79076 0.004580000000000
   207 745 0.83342 0.79031 0.004560000000000
   208 227 0.83382 0.79121 0.004540000000000
   209 308 0.83181 0.79014 0.004520000000000
   210 791 0.83910 0.79139 0.004500000000000
   211 918 0.84381 0.79118 0.004480000000000
   212 934 0.84350 0.79129 0.004460000000000
   213 863 0.83958 0.79155 0.004440000000000
   214 330 0.84447 0.79153 0.004420000000000
   215 582 0.84097 0.79172 0.004400000000000
   216 628 0.84377 0.79197 0.004380000000000
   217 163 0.83388 0.79090 0.004360000000000
   218 404 0.83503 0.79090 0.004340000000000
   219 404 0.83799 0.79049 0.004320000000000
   220 638 0.83912 0.79152 0.004300000000000
   221  0 0.83316 0.79061 0.004280000000000
   222 419 0.83949 0.79073 0.004260000000000
   223 374 0.83524 0.79083 0.004240000000000
   224  1 0.83578 0.79107 0.004220000000000
   225 495 0.83475 0.79136 0.004200000000000
   226 391 0.83865 0.79151 0.004180000000000
   227 622 0.84582 0.79057 0.004160000000000
   228 709 0.83620 0.79208 0.004140000000000
   229 930 0.83297 0.79139 0.004120000000000
   230 530 0.84863 0.79150 0.004100000000000
   231 666 0.83691 0.79091 0.004080000000000
   232 348 0.83549 0.79103 0.004060000000000
   233 743 0.84008 0.79149 0.004040000000000
   234 680 0.84841 0.79063 0.004020000000000
   235 232 0.83752 0.79104 0.004000000000000
   236 220 0.83706 0.79120 0.003980000000000
   237 820 0.83504 0.79121 0.003960000000000
   238 684 0.83404 0.79107 0.003940000000000
   239 674 0.83838 0.79190 0.003920000000000
   240 961 0.83456 0.79044 0.003900000000000
   241 79 0.84171 0.79144 0.003880000000000
   242 10 0.83347 0.79171 0.003860000000000
   243 477 0.84527 0.79086 0.003840000000000
   244 630 0.83513 0.79109 0.003820000000000
   245 869 0.83467 0.79206 0.003800000000000
   246 869 0.84449 0.79171 0.003780000000000
   247 295 0.83113 0.79215 0.003760000000000
   248 481 0.84265 0.79156 0.003740000000000
   249 913 0.84058 0.79266 0.003720000000000
   250 335 0.84611 0.79233 0.003700000000000
   251 523 0.84302 0.79313 0.003680000000000
   252 687 0.85330 0.79174 0.003660000000000
   253 734 0.83925 0.79195 0.003640000000000
   254 815 0.83498 0.79275 0.003620000000000
   255 877 0.83438 0.79224 0.003600000000000
   256 382 0.83499 0.79144 0.003580000000000
   257 779 0.83673 0.79245 0.003560000000000
   258 509 0.83493 0.79233 0.003540000000000
   259 517 0.84229 0.79190 0.003520000000000
   260 921 0.83453 0.79206 0.003500000000000
   261 799 0.83728 0.79268 0.003480000000000
   262 617 0.83463 0.79241 0.003460000000000
   263 426 0.83312 0.79250 0.003440000000000
   264 834 0.83580 0.79229 0.003420000000000
   265 216 0.84674 0.79151 0.003400000000000
   266 652 0.83180 0.79224 0.003380000000000
   267 246 0.84300 0.79233 0.003360000000000
   268 573 0.83891 0.79239 0.003340000000000
   269 707 0.83583 0.79238 0.003320000000000
   270 184 0.83949 0.79256 0.003300000000000
   271 233 0.83037 0.79273 0.003280000000000
   272 640 0.83481 0.79251 0.003260000000000
   273 666 0.83794 0.79262 0.003240000000000
   274 599 0.83537 0.79295 0.003220000000000
   275 949 0.83469 0.79291 0.003200000000000
   276 991 0.83791 0.79220 0.003180000000000
   277 721 0.83923 0.79302 0.003160000000000
   278 243 0.83457 0.79372 0.003140000000000
   279 639 0.83702 0.79400 0.003120000000000
   280 755 0.83863 0.79370 0.003100000000000
   281 809 0.84587 0.79264 0.003080000000000
   282 98 0.84231 0.79304 0.003060000000000
   283 580 0.85587 0.79346 0.003040000000000
   284 875 0.84326 0.79319 0.003020000000000
   285 509 0.83617 0.79363 0.003000000000000
   286 931 0.83932 0.79366 0.002980000000000
   287 779 0.83569 0.79413 0.002960000000000
   288 422 0.83746 0.79342 0.002940000000000
   289 494 0.83558 0.79331 0.002920000000000
   290 116 0.84298 0.79350 0.002900000000000
   291 214 0.83909 0.79381 0.002880000000000
   292 908 0.84820 0.79379 0.002860000000000
   293 120 0.84756 0.79325 0.002840000000000
   294 212 0.83398 0.79296 0.002820000000000
   295 873 0.83980 0.79319 0.002800000000000
   296 570 0.83737 0.79293 0.002780000000000
   297 875 0.83860 0.79312 0.002760000000000
   298 540 0.84771 0.79341 0.002740000000000
   299 796 0.83197 0.79335 0.002720000000000
   300 64 0.84332 0.79349 0.002700000000000
