3 -50.00 -10.00 0.00 -50.00 -7.46 15.00 -50.00 -10.00 0.00 -50.00 -10.00 0.00 -69.64 -16.27 -5.61 -0.00 -5.61 -0.00 -0.00
103 -50.00 -7.46 15.00 -81.67 -1.85 0.00 -50.00 -10.00 0.00 -50.00 -10.00 0.00 -72.42 -18.28 -7.91 -5.11 -2.80 -0.00 -0.00
205 -81.30 -2.42 0.00 -50.00 -8.81 15.00 -50.00 -10.00 0.00 -50.00 -10.00 0.00 -72.36 -18.08 -8.00 -2.39 -5.61 -0.00 -0.00
305 -50.00 -8.81 15.00 -80.05 -4.20 0.00 -50.00 -10.00 0.00 -50.00 -10.00 0.00 -72.59 -15.60 -5.55 -5.11 -0.45 -0.00 -0.00
405 -80.05 -4.20 0.00 -50.00 -8.68 15.00 -50.00 -10.00 0.00 -50.00 -10.00 0.00 -65.52 -17.53 -6.14 -0.53 -5.61 -0.00 -0.00
505 -50.00 -8.68 15.00 -80.60 -3.42 0.00 -50.00 -10.00 0.00 -50.00 -10.00 0.00 -73.43 -15.20 -5.62 -5.11 -0.51 -0.00 -0.00
605 -80.60 -3.42 0.00 -50.00 -8.74 15.00 -50.00 -10.00 0.00 -50.00 -10.00 0.00 -66.63 -17.56 -6.21 -0.60 -5.61 -0.00 -0.00
705 -50.00 -8.74 15.00 -80.90 -3.00 0.00 -50.00 -10.00 0.00 -50.00 -10.00 0.00 -74.87 -15.29 -6.59 -5.11 -1.49 -0.00 -0.00
803 -81.25 -2.46 0.00 -71.44 -13.10 0.00 -50.00 -7.46 15.00 -50.00 -10.00 0.00 -71.33 -18.08 -7.24 -2.12 -0.00 -5.12 -0.00
903 -71.44 -13.10 0.00 -70.11 -13.94 0.00 -81.67 -1.85 0.00 -50.00 -7.46 15.00 -73.20 -18.29 -8.64 -0.00 -0.00 -3.03 -5.61
1005 -70.10 -13.94 0.00 -70.01 -14.00 0.00 -50.00 -8.81 15.00 -81.30 -2.42 0.00 -76.85 -14.35 -7.30 -0.00 -0.00 -5.12 -2.18
1105 -70.01 -14.00 0.00 -70.00 -14.00 0.00 -80.05 -4.20 0.00 -50.00 -8.81 15.00 -66.25 -17.48 -6.14 -0.00 -0.00 -0.53 -5.61
1205 -70.00 -14.00 0.00 -70.00 -14.00 0.00 -50.00 -8.68 15.00 -80.05 -4.20 0.00 -72.71 -15.53 -5.56 -0.00 -0.00 -5.12 -0.44
1305 -70.00 -14.00 0.00 -70.00 -14.00 0.00 -80.60 -3.42 0.00 -50.00 -8.68 15.00 -66.49 -17.58 -6.22 -0.00 -0.00 -0.61 -5.61
1405 -50.00 -6.79 15.00 -70.00 -14.00 0.00 -71.32 -13.18 0.00 -80.60 -3.42 0.00 -74.06 -14.81 -5.62 -5.11 -0.00 -0.00 -0.51
1505 -81.24 -2.50 0.00 -70.00 -14.00 0.00 -70.10 -13.94 0.00 -50.00 -8.74 15.00 -83.80 -17.59 -19.66 -14.05 -0.00 -0.00 -5.61
1605 -71.43 -13.10 0.00 -70.00 -14.00 0.00 -50.00 -6.81 15.00 -80.90 -3.00 0.00 -73.63 -16.15 -6.60 -0.00 -0.00 -5.12 -1.48
1705 -50.00 -7.07 15.00 -70.00 -14.00 0.00 30.00 -0.83 0.00 -71.37 -13.14 0.00 -83.42 -17.75 -19.16 -5.11 -0.00 -14.05 -0.00
1805 -80.16 -4.04 0.00 -50.00 -6.79 15.00 -71.95 -12.73 0.00 -70.10 -13.94 0.00 -55.18 -17.62 -6.08 -0.47 -5.61 -0.00 -0.00
1905 -50.00 -8.69 15.00 -81.24 -2.50 0.00 -70.15 -13.91 0.00 -70.01 -14.00 0.00 -82.61 -17.15 -20.00 -5.11 -14.89 -0.00 -0.00
2005 -80.48 -3.60 0.00 -71.43 -13.10 0.00 -70.01 -13.99 0.00 -50.00 -6.79 15.00 -74.64 -14.79 -6.21 -0.60 -0.00 -0.00 -5.61
2105 -50.00 -8.73 15.00 -70.11 -13.94 0.00 -70.00 -14.00 0.00 -81.28 -2.44 0.00 -84.06 -17.55 -20.00 -5.11 -0.00 -0.00 -14.89
2205 -79.96 -4.32 0.00 -70.01 -14.00 0.00 -70.00 -14.00 0.00 -50.00 -8.81 15.00 -76.81 -13.09 -6.21 -0.60 -0.00 -0.00 -5.61
2305 -71.21 -13.25 0.00 -50.00 -6.79 15.00 -70.00 -14.00 0.00 -80.07 -4.17 0.00 -66.05 -17.38 -6.05 -0.00 -5.61 -0.00 -0.44
2405 -70.09 -13.95 0.00 -81.28 -2.44 0.00 -50.00 -6.79 15.00 -71.22 -13.24 0.00 -84.08 -17.31 -20.01 -0.00 -14.89 -5.12 -0.00
2505 -70.01 -14.00 0.00 -50.00 -8.81 15.00 -81.24 -2.50 0.00 -70.09 -13.95 0.00 -83.82 -17.56 -19.68 -0.00 -5.61 -14.08 -0.00
2605 -70.00 -14.00 0.00 -80.06 -4.18 0.00 -50.00 -8.81 15.00 -70.01 -14.00 0.00 -72.14 -15.82 -5.56 -0.00 -0.45 -5.12 -0.00
2705 -70.00 -14.00 0.00 -71.22 -13.24 0.00 -80.11 -4.10 0.00 -50.00 -6.79 15.00 -65.39 -17.55 -6.14 -0.00 -0.00 -0.53 -5.61
2805 -70.00 -14.00 0.00 -70.09 -13.95 0.00 -50.00 -8.69 15.00 -81.27 -2.45 0.00 -80.89 -17.09 -20.01 -0.00 -0.00 -5.12 -14.89
2905 -70.00 -14.00 0.00 -70.01 -14.00 0.00 -80.53 -3.53 0.00 -50.00 -8.81 15.00 -73.91 -15.26 -6.22 -0.00 -0.00 -0.61 -5.61
3005 -70.00 -14.00 0.00 -50.00 -6.79 15.00 -71.31 -13.19 0.00 -80.07 -4.16 0.00 -64.37 -17.48 -6.05 -0.00 -5.61 -0.00 -0.44
3105 -50.00 -6.79 15.00 -81.27 -2.45 0.00 -70.10 -13.95 0.00 -71.23 -13.24 0.00 -83.77 -17.23 -20.00 -5.11 -14.89 -0.00 -0.00
3205 -81.24 -2.50 0.00 -50.00 -8.81 15.00 -70.01 -14.00 0.00 -70.09 -13.95 0.00 -83.80 -17.57 -19.66 -14.05 -5.61 -0.00 -0.00
3305 -71.43 -13.10 0.00 -80.07 -4.16 0.00 -50.00 -6.79 15.00 -70.01 -14.00 0.00 -72.15 -15.81 -5.56 -0.00 -0.45 -5.12 -0.00
3405 -70.11 -13.94 0.00 -71.23 -13.24 0.00 -81.28 -2.45 0.00 -50.00 -6.79 15.00 -83.80 -17.62 -19.68 -0.00 -0.00 -14.08 -5.61
3505 -70.01 -14.00 0.00 -70.09 -13.95 0.00 -50.00 -8.81 15.00 -81.27 -2.45 0.00 -87.62 -11.24 -20.01 -0.00 -0.00 -5.12 -14.89
3605 -70.00 -14.00 0.00 -50.00 -6.81 15.00 -80.07 -4.17 0.00 -71.44 -13.09 0.00 -67.55 -17.34 -6.14 -0.00 -5.61 -0.53 -0.00
3705 -70.00 -14.00 0.00 -50.00 1.12 0.00 -50.00 -8.68 15.00 -70.11 -13.94 0.00 -78.16 -17.67 -10.73 -0.00 -5.61 -5.12 -0.00
3805 -70.00 -14.00 0.00 -50.00 -8.94 15.00 -80.58 -3.46 0.00 -70.01 -14.00 0.00 -73.33 -15.60 -6.22 -0.00 -5.61 -0.61 -0.00
3905 -50.00 -6.79 15.00 -82.20 -1.06 0.00 -71.31 -13.18 0.00 -70.00 -14.00 0.00 -68.32 -17.98 -6.25 -5.11 -1.14 -0.00 -0.00
4005 -81.24 -2.50 0.00 -50.00 -8.88 15.00 -70.10 -13.94 0.00 -70.00 -14.00 0.00 -83.79 -17.60 -19.66 -14.05 -5.61 -0.00 -0.00
4105 -71.43 -13.10 0.00 -80.27 -3.89 0.00 -70.01 -14.00 0.00 -50.00 -6.79 15.00 -72.52 -15.77 -6.00 -0.00 -0.39 -0.00 -5.61
4205 -70.11 -13.94 0.00 -50.00 -8.71 15.00 -70.00 -14.00 0.00 -81.24 -2.50 0.00 -84.35 -17.55 -20.50 -0.00 -5.61 -0.00 -14.89
4305 -70.01 -14.00 0.00 -80.32 -3.82 0.00 -50.00 -6.79 15.00 -71.43 -13.10 0.00 -72.35 -15.79 -5.63 -0.00 -0.51 -5.12 -0.00
4405 -70.00 -14.00 0.00 -50.00 -8.71 15.00 -81.24 -2.50 0.00 -70.11 -13.94 0.00 -83.80 -17.62 -19.68 -0.00 -5.61 -14.08 -0.00
4505 -70.00 -14.00 0.00 -80.23 -3.94 0.00 -71.43 -13.10 0.00 -50.00 -6.81 15.00 -72.77 -15.79 -6.12 -0.00 -0.51 -0.00 -5.61
4605 -50.00 -6.79 15.00 -71.25 -13.22 0.00 -70.11 -13.94 0.00 -81.05 -1.56 0.00 -83.90 -17.70 -19.86 -5.11 -0.00 -0.00 -14.76
4705 -81.24 -2.50 0.00 -70.09 -13.95 0.00 -50.00 -6.81 15.00 -71.55 -13.02 0.00 -83.52 -17.52 -19.17 -14.05 -0.00 -5.12 -0.00
4805 -71.43 -13.10 0.00 -70.01 -14.00 0.00 -81.05 -1.56 0.00 -50.00 -7.09 15.00 -83.70 -17.79 -19.66 -0.00 -0.00 -14.05 -5.61
4905 -70.11 -13.94 0.00 -50.00 -6.79 15.00 -71.55 -13.02 0.00 -80.20 -3.99 0.00 -48.47 -17.48 -6.00 -0.00 -5.61 -0.00 -0.39
