201 -79.29 -1.25 0.00 -30.12 -9.92 15.00 -50.00 -10.00 0.00 -71.59 -12.99 0.00 -70.04 -18.14 -3.80
202 -81.69 -1.55 0.00 30.00 -9.46 15.00 -50.00 -10.00 0.00 -71.55 -13.02 0.00 -69.39 -18.12 -3.39
203 -81.67 -1.85 0.00 -50.00 -7.46 15.00 -50.00 -10.00 0.00 -71.52 -13.04 0.00 -73.46 -18.12 -8.63
204 -81.49 -2.14 0.00 -33.65 -7.44 15.00 -50.00 -10.00 0.00 -71.48 -13.07 0.00 -77.63 -18.15 -12.22
205 -81.30 -2.42 0.00 30.00 -7.15 15.00 -50.00 -10.00 0.00 -71.44 -13.09 0.00 -80.00 -18.19 -14.54
206 -81.11 -2.69 0.00 -50.00 -5.15 15.00 -50.00 -10.00 0.00 -71.41 -13.12 0.00 -75.59 -18.20 -7.73
207 -80.92 -2.96 0.00 -36.80 -5.19 15.00 -50.00 -10.00 0.00 -71.38 -13.14 0.00 -77.48 -18.22 -11.41
208 -80.74 -3.23 0.00 13.78 -5.03 15.00 -50.00 -10.00 0.00 -71.34 -13.16 0.00 -79.44 -18.26 -13.81
209 -80.56 -3.49 0.00 30.00 -1.37 15.00 -50.00 -10.00 0.00 -71.31 -13.18 0.00 -80.58 -18.30 -15.23
210 -80.38 -3.74 0.00 -50.00 0.63 15.00 -50.00 -10.00 0.00 -71.28 -13.20 0.00 -75.00 -18.30 -6.91
211 -80.20 -3.98 0.00 -44.44 0.44 15.00 -50.00 -10.00 0.00 -71.25 -13.23 0.00 -76.75 -18.32 -10.68
212 -80.03 -4.22 0.00 -28.35 0.32 15.00 -50.00 -10.00 0.00 -71.22 -13.25 0.00 -78.82 -18.35 -13.16
213 -79.86 -4.46 0.00 30.00 0.54 15.00 -50.00 -10.00 0.00 -71.19 -13.27 0.00 -80.08 -18.38 -14.65
214 -79.69 -4.69 0.00 -50.00 2.54 15.00 -50.00 -10.00 0.00 -71.16 -13.29 0.00 -74.50 -18.39 -6.39
215 -79.52 -4.91 0.00 -46.90 2.30 15.00 -50.00 -10.00 0.00 -71.13 -13.30 0.00 -76.24 -18.40 -10.22
216 -79.35 -5.13 0.00 -38.60 2.10 15.00 -50.00 -10.00 0.00 -71.10 -13.32 0.00 -78.40 -18.43 -12.75
217 -79.19 -5.35 0.00 -7.87 2.03 15.00 -50.00 -10.00 0.00 -71.08 -13.34 0.00 -79.74 -18.46 -14.29
218 -79.03 -5.56 0.00 30.00 3.20 15.00 -50.00 -10.00 0.00 -71.05 -13.36 0.00 -80.38 -18.49 -15.07
219 -78.87 -5.76 0.00 -50.00 5.20 15.00 -50.00 -10.00 0.00 -71.02 -13.37 0.00 -74.19 -18.49 -6.02
220 -78.72 -5.96 0.00 -50.25 4.89 15.00 -50.00 -10.00 0.00 -71.00 -13.39 0.00 -75.84 -18.50 -9.89
221 -78.56 -6.15 0.00 -50.43 4.60 15.00 -50.00 -10.00 0.00 -70.97 -13.41 0.00 -78.06 -18.52 -12.46
222 -78.41 -6.34 0.00 -50.44 4.30 15.00 -50.00 -10.00 0.00 -70.95 -13.42 0.00 -79.47 -18.55 -14.03
223 -78.26 -6.53 0.00 -50.12 4.02 15.00 -50.00 -10.00 0.00 -70.93 -13.44 0.00 -80.15 -18.58 -14.85
224 -78.11 -6.71 0.00 -49.03 3.74 15.00 -50.00 -10.00 0.00 -70.90 -13.45 0.00 -80.35 -18.61 -15.10
225 -77.97 -6.89 0.00 -46.12 3.48 15.00 -50.00 -10.00 0.00 -70.88 -13.47 0.00 -80.25 -18.64 -14.94
226 -77.82 -7.06 0.00 -37.98 3.26 15.00 -50.00 -10.00 0.00 -70.86 -13.48 0.00 -79.93 -18.66 -14.49
227 -77.68 -7.23 0.00 -6.96 3.16 15.00 -50.00 -10.00 0.00 -70.84 -13.50 0.00 -79.45 -18.69 -13.84
228 -77.54 -7.40 0.00 30.00 4.36 15.00 -50.00 -10.00 0.00 -70.82 -13.51 0.00 -78.87 -18.71 -13.05
229 -77.40 -7.56 0.00 -50.00 6.36 15.00 -50.00 -10.00 0.00 -70.80 -13.52 0.00 -73.57 -18.70 -5.72
230 -77.27 -7.72 0.00 -51.69 6.03 15.00 -50.00 -10.00 0.00 -70.78 -13.53 0.00 -75.31 -18.70 -9.62
231 -77.13 -7.87 0.00 -54.83 5.69 15.00 -50.00 -10.00 0.00 -70.76 -13.55 0.00 -77.65 -18.72 -12.23
232 -77.00 -8.02 0.00 -60.01 5.33 15.00 -50.00 -10.00 0.00 -70.74 -13.56 0.00 -79.14 -18.74 -13.83
233 -76.87 -8.17 0.00 -66.46 4.96 15.00 -50.00 -10.00 0.00 -70.72 -13.57 0.00 -79.87 -18.76 -14.67
234 -76.74 -8.31 0.00 -71.44 4.58 15.00 -50.00 -10.00 0.00 -70.70 -13.58 0.00 -80.11 -18.79 -14.95
235 -76.62 -8.45 0.00 -73.57 4.19 15.00 -50.00 -10.00 0.00 -70.68 -13.59 0.00 -80.02 -18.81 -14.81
236 -76.49 -8.59 0.00 -73.99 3.81 15.00 -50.00 -10.00 0.00 -70.66 -13.60 0.00 -79.71 -18.84 -14.37
237 -76.37 -8.72 0.00 -73.82 3.44 15.00 -50.00 -10.00 0.00 -70.65 -13.61 0.00 -79.25 -18.85 -13.73
238 -76.25 -8.85 0.00 -73.48 3.08 15.00 -50.00 -10.00 0.00 -70.63 -13.62 0.00 -78.67 -18.87 -12.96
239 -76.13 -8.98 0.00 -73.09 2.72 15.00 -50.00 -10.00 0.00 -70.62 -13.63 0.00 -78.01 -18.88 -12.11
240 -76.01 -9.11 0.00 -72.68 2.38 15.00 -50.00 -10.00 0.00 -70.60 -13.64 0.00 -77.29 -18.89 -11.22
241 -75.89 -9.23 0.00 -72.27 2.04 15.00 -50.00 -10.00 0.00 -70.58 -13.65 0.00 -76.53 -18.90 -10.32
242 -75.78 -9.35 0.00 -71.84 1.71 15.00 -50.00 -10.00 0.00 -70.57 -13.66 0.00 -75.75 -18.90 -9.44
243 -75.67 -9.46 0.00 -71.41 1.39 15.00 -50.00 -10.00 0.00 -70.55 -13.67 0.00 -74.95 -18.89 -8.59
244 -75.56 -9.58 0.00 -70.97 1.08 15.00 -50.00 -10.00 0.00 -70.54 -13.68 0.00 -74.15 -18.89 -7.79
245 -75.45 -9.69 0.00 -70.52 0.78 15.00 -50.00 -10.00 0.00 -70.53 -13.69 0.00 -73.35 -18.88 -7.03
246 -75.34 -9.79 0.00 -70.06 0.48 15.00 -50.00 -10.00 0.00 -70.51 -13.70 0.00 -72.55 -18.86 -6.32
247 -75.24 -9.90 0.00 -69.59 0.19 15.00 -50.00 -10.00 0.00 -70.50 -13.71 0.00 -71.76 -18.84 -5.67
248 -75.13 -10.00 0.00 -69.10 -0.09 15.00 -50.00 -10.00 0.00 -70.49 -13.71 0.00 -70.98 -18.82 -5.07
249 -75.03 -10.10 0.00 -68.60 -0.36 15.00 -50.00 -10.00 0.00 -70.47 -13.72 0.00 -70.21 -18.80 -4.52
250 -74.93 -10.20 0.00 -68.07 -0.62 15.00 -50.00 -10.00 0.00 -70.46 -13.73 0.00 -69.44 -18.77 -4.02
251 -74.83 -10.29 0.00 -67.52 -0.88 15.00 -50.00 -10.00 0.00 -70.45 -13.74 0.00 -68.69 -18.74 -3.57
252 -74.74 -10.39 0.00 -66.94 -1.13 15.00 -50.00 -10.00 0.00 -70.44 -13.74 0.00 -67.94 -18.70 -3.17
253 -74.64 -10.48 0.00 -66.33 -1.38 15.00 -50.00 -10.00 0.00 -70.43 -13.75 0.00 -67.20 -18.66 -2.80
254 -74.55 -10.57 0.00 -65.67 -1.61 15.00 -50.00 -10.00 0.00 -70.42 -13.76 0.00 -66.45 -18.62 -2.48
255 -74.45 -10.65 0.00 -64.95 -1.84 15.00 -50.00 -10.00 0.00 -70.41 -13.76 0.00 -65.70 -18.58 -2.18
256 -74.36 -10.74 0.00 -64.16 -2.06 15.00 -50.00 -10.00 0.00 -70.40 -13.77 0.00 -64.94 -18.53 -1.92
257 -74.27 -10.82 0.00 -63.27 -2.27 15.00 -50.00 -10.00 0.00 -70.38 -13.77 0.00 -64.15 -18.48 -1.69
258 -74.19 -10.90 0.00 -62.24 -2.47 15.00 -50.00 -10.00 0.00 -70.37 -13.78 0.00 -63.32 -18.43 -1.49
259 -74.10 -10.98 0.00 -61.00 -2.67 15.00 -50.00 -10.00 0.00 -70.37 -13.79 0.00 -62.43 -18.37 -1.31
260 -74.01 -11.06 0.00 -59.43 -2.85 15.00 -50.00 -10.00 0.00 -70.36 -13.79 0.00 -61.45 -18.31 -1.15
261 -73.93 -11.13 0.00 -57.31 -3.02 15.00 -50.00 -10.00 0.00 -70.35 -13.80 0.00 -60.32 -18.25 -1.00
262 -73.85 -11.20 0.00 -54.13 -3.18 15.00 -50.00 -10.00 0.00 -70.34 -13.80 0.00 -58.95 -18.18 -0.88
263 -73.77 -11.27 0.00 -48.48 -3.31 15.00 -50.00 -10.00 0.00 -70.33 -13.81 0.00 -57.15 -18.10 -0.77
264 -73.69 -11.34 0.00 -35.29 -3.39 15.00 -50.00 -10.00 0.00 -70.32 -13.81 0.00 -54.56 -18.01 -0.67
265 -73.61 -11.41 0.00 18.76 -3.24 15.00 -50.00 -10.00 0.00 -70.31 -13.82 0.00 -50.20 -17.90 -0.59
266 -73.53 -11.48 0.00 30.00 1.11 15.00 -50.00 -10.00 0.00 -70.30 -13.82 0.00 -40.99 -17.75 -0.51
267 -73.46 -11.54 0.00 -50.00 3.11 15.00 -50.00 -10.00 0.00 -70.30 -13.83 0.00 -19.38 -17.49 -5.61
268 -73.38 -11.60 0.00 -47.62 2.86 15.00 -50.00 -10.00 0.00 -70.29 -13.83 0.00 30.00 -16.51 -9.53
269 -73.31 -11.66 0.00 -41.33 2.63 15.00 -50.00 -10.00 0.00 -70.28 -13.84 0.00 -65.00 -10.51 -9.53
270 -73.24 -11.72 0.00 -20.37 2.50 15.00 -50.00 -10.00 0.00 -70.27 -13.84 0.00 -81.43 -10.71 -13.76
271 -73.17 -11.78 0.00 30.00 2.95 15.00 -50.00 -10.00 0.00 -70.27 -13.85 0.00 -84.88 -10.92 -14.61
272 -73.10 -11.84 0.00 -50.00 4.95 15.00 -50.00 -10.00 0.00 -70.26 -13.85 0.00 -79.44 -11.10 -5.61
273 -73.03 -11.89 0.00 -49.94 4.65 15.00 -50.00 -10.00 0.00 -70.25 -13.85 0.00 -81.51 -11.28 -9.53
274 -72.97 -11.95 0.00 -49.44 4.36 15.00 -50.00 -10.00 0.00 -70.25 -13.86 0.00 -83.12 -11.47 -12.15
275 -72.90 -12.00 0.00 -47.90 4.08 15.00 -50.00 -10.00 0.00 -70.24 -13.86 0.00 -84.01 -11.66 -13.76
276 -72.84 -12.05 0.00 -43.72 3.83 15.00 -50.00 -10.00 0.00 -70.23 -13.87 0.00 -84.40 -11.85 -14.61
277 -72.78 -12.10 0.00 -30.89 3.63 15.00 -50.00 -10.00 0.00 -70.23 -13.87 0.00 -84.46 -12.04 -14.89
278 -72.72 -12.15 0.00 30.00 3.69 15.00 -50.00 -10.00 0.00 -70.22 -13.87 0.00 -84.28 -12.22 -14.76
279 -72.66 -12.20 0.00 -50.00 5.69 15.00 -50.00 -10.00 0.00 -70.21 -13.88 0.00 -78.58 -12.37 -5.61
280 -72.60 -12.25 0.00 -50.85 5.37 15.00 -50.00 -10.00 0.00 -70.21 -13.88 0.00 -80.62 -12.52 -9.53
281 -72.54 -12.29 0.00 -52.32 5.05 15.00 -50.00 -10.00 0.00 -70.20 -13.88 0.00 -82.33 -12.68 -12.15
282 -72.48 -12.33 0.00 -54.89 4.73 15.00 -50.00 -10.00 0.00 -70.20 -13.89 0.00 -83.28 -12.85 -13.76
283 -72.43 -12.38 0.00 -59.05 4.40 15.00 -50.00 -10.00 0.00 -70.19 -13.89 0.00 -83.71 -13.01 -14.61
284 -72.37 -12.42 0.00 -64.45 4.05 15.00 -50.00 -10.00 0.00 -70.19 -13.89 0.00 -83.79 -13.17 -14.89
285 -72.32 -12.46 0.00 -69.27 3.70 15.00 -50.00 -10.00 0.00 -70.18 -13.89 0.00 -83.62 -13.32 -14.76
286 -72.26 -12.50 0.00 -71.91 3.33 15.00 -50.00 -10.00 0.00 -70.18 -13.90 0.00 -83.28 -13.47 -14.33
287 -72.21 -12.54 0.00 -72.75 2.98 15.00 -50.00 -10.00 0.00 -70.17 -13.90 0.00 -82.81 -13.62 -13.70
288 -72.16 -12.58 0.00 -72.77 2.63 15.00 -50.00 -10.00 0.00 -70.17 -13.90 0.00 -82.25 -13.76 -12.93
289 -72.11 -12.61 0.00 -72.50 2.28 15.00 -50.00 -10.00 0.00 -70.16 -13.91 0.00 -81.62 -13.89 -12.08
290 -72.06 -12.65 0.00 -72.13 1.95 15.00 -50.00 -10.00 0.00 -70.16 -13.91 0.00 -80.96 -14.02 -11.20
291 -72.02 -12.69 0.00 -71.72 1.62 15.00 -50.00 -10.00 0.00 -70.16 -13.91 0.00 -80.26 -14.14 -10.30
292 -71.97 -12.72 0.00 -71.29 1.31 15.00 -50.00 -10.00 0.00 -70.15 -13.91 0.00 -79.56 -14.25 -9.43
293 -71.92 -12.75 0.00 -70.85 1.00 15.00 -50.00 -10.00 0.00 -70.15 -13.92 0.00 -78.85 -14.36 -8.58
294 -71.88 -12.79 0.00 -70.40 0.70 15.00 -50.00 -10.00 0.00 -70.14 -13.92 0.00 -78.15 -14.46 -7.77
295 -71.84 -12.82 0.00 -69.93 0.40 15.00 -50.00 -10.00 0.00 -70.14 -13.92 0.00 -77.46 -14.56 -7.02
296 -71.79 -12.85 0.00 -69.46 0.12 15.00 -50.00 -10.00 0.00 -70.14 -13.92 0.00 -76.79 -14.65 -6.31
297 -71.75 -12.88 0.00 -68.96 -0.16 15.00 -50.00 -10.00 0.00 -70.13 -13.92 0.00 -76.13 -14.74 -5.66
298 -71.71 -12.91 0.00 -68.45 -0.43 15.00 -50.00 -10.00 0.00 -70.13 -13.93 0.00 -75.50 -14.83 -5.06
299 -71.67 -12.94 0.00 -67.92 -0.70 15.00 -50.00 -10.00 0.00 -70.13 -13.93 0.00 -74.89 -14.90 -4.51
300 -71.63 -12.96 0.00 -67.37 -0.95 15.00 -50.00 -10.00 0.00 -70.12 -13.93 0.00 -74.30 -14.98 -4.02

