1 -30.12 -9.92 15.00 -50.00 -10.00 0.00 -50.00 -10.00 0.00 -50.00 -10.00 0.00 -64.76 -16.25 0.00 -0.00 -0.00 -0.00 -0.00
2 30.00 -9.46 15.00 -50.00 -10.00 0.00 -50.00 -10.00 0.00 -50.00 -10.00 0.00 -64.57 -16.25 0.00 -0.00 -0.00 -0.00 -0.00
3 -50.00 -7.46 15.00 -50.00 -10.00 0.00 -50.00 -10.00 0.00 -50.00 -10.00 0.00 -69.18 -16.27 -5.11 -5.11 -0.00 -0.00 -0.00
4 -33.65 -7.44 15.00 -50.00 -10.00 0.00 -50.00 -10.00 0.00 -50.00 -10.00 0.00 -74.95 -16.32 -8.74 -8.74 -0.00 -0.00 -0.00
5 30.00 -7.15 15.00 -50.00 -10.00 0.00 -50.00 -10.00 0.00 -50.00 -10.00 0.00 -78.54 -16.38 -11.22 -11.22 -0.00 -0.00 -0.00
6 -50.00 -5.15 15.00 -50.00 -10.00 0.00 -50.00 -10.00 0.00 -50.00 -10.00 0.00 -74.79 -16.43 -5.11 -5.11 -0.00 -0.00 -0.00
7 -36.80 -5.19 15.00 -50.00 -10.00 0.00 -50.00 -10.00 0.00 -50.00 -10.00 0.00 -76.66 -16.48 -8.74 -8.74 -0.00 -0.00 -0.00
8 13.78 -5.03 15.00 -50.00 -10.00 0.00 -50.00 -10.00 0.00 -50.00 -10.00 0.00 -78.74 -16.55 -11.22 -11.22 -0.00 -0.00 -0.00
9 30.00 -1.37 15.00 -50.00 -10.00 0.00 -50.00 -10.00 0.00 -50.00 -10.00 0.00 -80.04 -16.62 -12.80 -12.80 -0.00 -0.00 -0.00
10 -50.00 0.63 15.00 -50.00 -10.00 0.00 -50.00 -10.00 0.00 -50.00 -10.00 0.00 -74.84 -16.66 -5.11 -5.11 -0.00 -0.00 -0.00
11 -44.44 0.44 15.00 -50.00 -10.00 0.00 -50.00 -10.00 0.00 -50.00 -10.00 0.00 -76.50 -16.71 -8.74 -8.74 -0.00 -0.00 -0.00
12 -28.35 0.32 15.00 -50.00 -10.00 0.00 -50.00 -10.00 0.00 -50.00 -10.00 0.00 -78.56 -16.77 -11.22 -11.22 -0.00 -0.00 -0.00
13 30.00 0.54 15.00 -50.00 -10.00 0.00 -50.00 -10.00 0.00 -50.00 -10.00 0.00 -79.87 -16.83 -12.80 -12.80 -0.00 -0.00 -0.00
14 -50.00 2.54 15.00 -50.00 -10.00 0.00 -50.00 -10.00 0.00 -50.00 -10.00 0.00 -74.66 -16.87 -5.11 -5.11 -0.00 -0.00 -0.00
15 -46.90 2.30 15.00 -50.00 -10.00 0.00 -50.00 -10.00 0.00 -50.00 -10.00 0.00 -76.31 -16.91 -8.74 -8.74 -0.00 -0.00 -0.00
16 -38.60 2.10 15.00 -50.00 -10.00 0.00 -50.00 -10.00 0.00 -50.00 -10.00 0.00 -78.38 -16.97 -11.22 -11.22 -0.00 -0.00 -0.00
17 -7.87 2.03 15.00 -50.00 -10.00 0.00 -50.00 -10.00 0.00 -50.00 -10.00 0.00 -79.72 -17.03 -12.80 -12.80 -0.00 -0.00 -0.00
18 30.00 3.20 15.00 -50.00 -10.00 0.00 -50.00 -10.00 0.00 -50.00 -10.00 0.00 -80.40 -17.09 -13.68 -13.68 -0.00 -0.00 -0.00
19 -50.00 5.20 15.00 -50.00 -10.00 0.00 -50.00 -10.00 0.00 -50.00 -10.00 0.00 -74.55 -17.12 -5.11 -5.11 -0.00 -0.00 -0.00
20 -50.25 4.89 15.00 -50.00 -10.00 0.00 -50.00 -10.00 0.00 -50.00 -10.00 0.00 -76.10 -17.16 -8.74 -8.74 -0.00 -0.00 -0.00
21 -50.43 4.60 15.00 -50.00 -10.00 0.00 -50.00 -10.00 0.00 -50.00 -10.00 0.00 -78.18 -17.20 -11.22 -11.22 -0.00 -0.00 -0.00
22 -50.44 4.30 15.00 -50.00 -10.00 0.00 -50.00 -10.00 0.00 -50.00 -10.00 0.00 -79.54 -17.26 -12.80 -12.80 -0.00 -0.00 -0.00
23 -50.12 4.02 15.00 -50.00 -10.00 0.00 -50.00 -10.00 0.00 -50.00 -10.00 0.00 -80.23 -17.31 -13.68 -13.68 -0.00 -0.00 -0.00
24 -49.03 3.74 15.00 -50.00 -10.00 0.00 -50.00 -10.00 0.00 -50.00 -10.00 0.00 -80.50 -17.37 -14.05 -14.05 -0.00 -0.00 -0.00
25 -46.12 3.48 15.00 -50.00 -10.00 0.00 -50.00 -10.00 0.00 -50.00 -10.00 0.00 -80.46 -17.42 -14.02 -14.02 -0.00 -0.00 -0.00
26 -37.98 3.26 15.00 -50.00 -10.00 0.00 -50.00 -10.00 0.00 -50.00 -10.00 0.00 -80.23 -17.48 -13.71 -13.71 -0.00 -0.00 -0.00
27 -6.96 3.16 15.00 -50.00 -10.00 0.00 -50.00 -10.00 0.00 -50.00 -10.00 0.00 -79.84 -17.53 -13.20 -13.20 -0.00 -0.00 -0.00
28 30.00 4.36 15.00 -50.00 -10.00 0.00 -50.00 -10.00 0.00 -50.00 -10.00 0.00 -79.34 -17.57 -12.55 -12.55 -0.00 -0.00 -0.00
29 -50.00 6.36 15.00 -50.00 -10.00 0.00 -50.00 -10.00 0.00 -50.00 -10.00 0.00 -74.04 -17.59 -5.11 -5.11 -0.00 -0.00 -0.00
30 -51.69 6.03 15.00 -50.00 -10.00 0.00 -50.00 -10.00 0.00 -50.00 -10.00 0.00 -75.61 -17.62 -8.74 -8.74 -0.00 -0.00 -0.00
31 -54.83 5.69 15.00 -50.00 -10.00 0.00 -50.00 -10.00 0.00 -50.00 -10.00 0.00 -77.76 -17.65 -11.22 -11.22 -0.00 -0.00 -0.00
32 -60.01 5.33 15.00 -50.00 -10.00 0.00 -50.00 -10.00 0.00 -50.00 -10.00 0.00 -79.18 -17.70 -12.80 -12.80 -0.00 -0.00 -0.00
33 -66.46 4.96 15.00 -50.00 -10.00 0.00 -50.00 -10.00 0.00 -50.00 -10.00 0.00 -79.91 -17.74 -13.68 -13.68 -0.00 -0.00 -0.00
34 -71.44 4.58 15.00 -50.00 -10.00 0.00 -50.00 -10.00 0.00 -50.00 -10.00 0.00 -80.19 -17.79 -14.05 -14.05 -0.00 -0.00 -0.00
35 -73.57 4.19 15.00 -50.00 -10.00 0.00 -50.00 -10.00 0.00 -50.00 -10.00 0.00 -80.17 -17.83 -14.02 -14.02 -0.00 -0.00 -0.00
36 -73.99 3.81 15.00 -50.00 -10.00 0.00 -50.00 -10.00 0.00 -50.00 -10.00 0.00 -79.94 -17.88 -13.71 -13.71 -0.00 -0.00 -0.00
37 -73.82 3.44 15.00 -50.00 -10.00 0.00 -50.00 -10.00 0.00 -50.00 -10.00 0.00 -79.55 -17.92 -13.20 -13.20 -0.00 -0.00 -0.00
38 -73.48 3.08 15.00 -50.00 -10.00 0.00 -50.00 -10.00 0.00 -50.00 -10.00 0.00 -79.05 -17.95 -12.55 -12.55 -0.00 -0.00 -0.00
39 -73.09 2.72 15.00 -50.00 -10.00 0.00 -50.00 -10.00 0.00 -50.00 -10.00 0.00 -78.48 -17.99 -11.81 -11.81 -0.00 -0.00 -0.00
40 -72.68 2.38 15.00 -50.00 -10.00 0.00 -50.00 -10.00 0.00 -50.00 -10.00 0.00 -77.84 -18.02 -11.02 -11.02 -0.00 -0.00 -0.00
41 -72.27 2.04 15.00 -50.00 -10.00 0.00 -50.00 -10.00 0.00 -50.00 -10.00 0.00 -77.17 -18.04 -10.22 -10.22 -0.00 -0.00 -0.00
42 -71.84 1.71 15.00 -50.00 -10.00 0.00 -50.00 -10.00 0.00 -50.00 -10.00 0.00 -76.47 -18.06 -9.41 -9.41 -0.00 -0.00 -0.00
43 -71.41 1.39 15.00 -50.00 -10.00 0.00 -50.00 -10.00 0.00 -50.00 -10.00 0.00 -75.75 -18.08 -8.63 -8.63 -0.00 -0.00 -0.00
44 -70.97 1.08 15.00 -50.00 -10.00 0.00 -50.00 -10.00 0.00 -50.00 -10.00 0.00 -75.03 -18.09 -7.88 -7.88 -0.00 -0.00 -0.00
45 -70.52 0.78 15.00 -50.00 -10.00 0.00 -50.00 -10.00 0.00 -50.00 -10.00 0.00 -74.30 -18.10 -7.16 -7.16 -0.00 -0.00 -0.00
46 -70.06 0.48 15.00 -50.00 -10.00 0.00 -50.00 -10.00 0.00 -50.00 -10.00 0.00 -73.58 -18.11 -6.49 -6.49 -0.00 -0.00 -0.00
47 -69.59 0.19 15.00 -50.00 -10.00 0.00 -50.00 -10.00 0.00 -50.00 -10.00 0.00 -72.86 -18.11 -5.86 -5.86 -0.00 -0.00 -0.00
48 -69.10 -0.09 15.00 -50.00 -10.00 0.00 -50.00 -10.00 0.00 -50.00 -10.00 0.00 -72.16 -18.11 -5.27 -5.27 -0.00 -0.00 -0.00
49 -68.60 -0.36 15.00 -50.00 -10.00 0.00 -50.00 -10.00 0.00 -50.00 -10.00 0.00 -71.47 -18.11 -4.74 -4.74 -0.00 -0.00 -0.00
50 -68.07 -0.62 15.00 -50.00 -10.00 0.00 -50.00 -10.00 0.00 -50.00 -10.00 0.00 -70.79 -18.10 -4.25 -4.25 -0.00 -0.00 -0.00
51 -67.52 -0.88 15.00 -50.00 -10.00 0.00 -50.00 -10.00 0.00 -50.00 -10.00 0.00 -70.12 -18.09 -3.80 -3.80 -0.00 -0.00 -0.00
52 -66.94 -1.13 15.00 -50.00 -10.00 0.00 -50.00 -10.00 0.00 -50.00 -10.00 0.00 -69.47 -18.07 -3.39 -3.39 -0.00 -0.00 -0.00
53 -66.33 -1.38 15.00 -50.00 -10.00 0.00 -50.00 -10.00 0.00 -50.00 -10.00 0.00 -68.83 -18.05 -3.02 -3.02 -0.00 -0.00 -0.00
54 -65.67 -1.61 15.00 -50.00 -10.00 0.00 -50.00 -10.00 0.00 -50.00 -10.00 0.00 -68.20 -18.03 -2.69 -2.69 -0.00 -0.00 -0.00
55 -64.95 -1.84 15.00 -50.00 -10.00 0.00 -50.00 -10.00 0.00 -50.00 -10.00 0.00 -67.58 -18.01 -2.39 -2.39 -0.00 -0.00 -0.00
56 -64.16 -2.06 15.00 -50.00 -10.00 0.00 -50.00 -10.00 0.00 -50.00 -10.00 0.00 -66.97 -17.99 -2.12 -2.12 -0.00 -0.00 -0.00
57 -63.27 -2.27 15.00 -50.00 -10.00 0.00 -50.00 -10.00 0.00 -50.00 -10.00 0.00 -66.37 -17.96 -1.88 -1.88 -0.00 -0.00 -0.00
58 -62.24 -2.47 15.00 -50.00 -10.00 0.00 -50.00 -10.00 0.00 -50.00 -10.00 0.00 -65.77 -17.93 -1.66 -1.66 -0.00 -0.00 -0.00
59 -61.00 -2.67 15.00 -50.00 -10.00 0.00 -50.00 -10.00 0.00 -50.00 -10.00 0.00 -65.18 -17.90 -1.47 -1.47 -0.00 -0.00 -0.00
60 -59.43 -2.85 15.00 -50.00 -10.00 0.00 -50.00 -10.00 0.00 -50.00 -10.00 0.00 -64.58 -17.86 -1.30 -1.30 -0.00 -0.00 -0.00
61 -57.31 -3.02 15.00 -50.00 -10.00 0.00 -50.00 -10.00 0.00 -50.00 -10.00 0.00 -63.96 -17.82 -1.15 -1.15 -0.00 -0.00 -0.00
62 -54.13 -3.18 15.00 -50.00 -10.00 0.00 -50.00 -10.00 0.00 -50.00 -10.00 0.00 -63.33 -17.78 -1.01 -1.01 -0.00 -0.00 -0.00
63 -48.48 -3.31 15.00 -50.00 -10.00 0.00 -50.00 -10.00 0.00 -50.00 -10.00 0.00 -62.67 -17.74 -0.89 -0.89 -0.00 -0.00 -0.00
64 -35.29 -3.39 15.00 -50.00 -10.00 0.00 -50.00 -10.00 0.00 -50.00 -10.00 0.00 -61.96 -17.70 -0.78 -0.78 -0.00 -0.00 -0.00
65 18.76 -3.24 15.00 -50.00 -10.00 0.00 -50.00 -10.00 0.00 -50.00 -10.00 0.00 -61.18 -17.65 -0.69 -0.69 -0.00 -0.00 -0.00
66 30.00 1.11 15.00 -50.00 -10.00 0.00 -50.00 -10.00 0.00 -50.00 -10.00 0.00 -60.29 -17.60 -0.60 -0.60 -0.00 -0.00 -0.00
67 -50.00 3.11 15.00 -50.00 -10.00 0.00 -50.00 -10.00 0.00 -50.00 -10.00 0.00 -63.95 -17.56 -5.11 -5.11 -0.00 -0.00 -0.00
68 -47.62 2.86 15.00 -50.00 -10.00 0.00 -50.00 -10.00 0.00 -50.00 -10.00 0.00 -70.81 -17.57 -8.74 -8.74 -0.00 -0.00 -0.00
69 -41.33 2.63 15.00 -50.00 -10.00 0.00 -50.00 -10.00 0.00 -50.00 -10.00 0.00 -76.51 -17.60 -11.22 -11.22 -0.00 -0.00 -0.00
70 -20.37 2.50 15.00 -50.00 -10.00 0.00 -50.00 -10.00 0.00 -50.00 -10.00 0.00 -79.03 -17.64 -12.80 -12.80 -0.00 -0.00 -0.00
71 30.00 2.95 15.00 -50.00 -10.00 0.00 -50.00 -10.00 0.00 -50.00 -10.00 0.00 -79.93 -17.69 -13.68 -13.68 -0.00 -0.00 -0.00
72 -50.00 4.95 15.00 -50.00 -10.00 0.00 -50.00 -10.00 0.00 -50.00 -10.00 0.00 -74.05 -17.70 -5.11 -5.11 -0.00 -0.00 -0.00
73 -49.94 4.65 15.00 -50.00 -10.00 0.00 -50.00 -10.00 0.00 -50.00 -10.00 0.00 -75.53 -17.73 -8.74 -8.74 -0.00 -0.00 -0.00
74 -49.44 4.36 15.00 -50.00 -10.00 0.00 -50.00 -10.00 0.00 -50.00 -10.00 0.00 -77.67 -17.76 -11.22 -11.22 -0.00 -0.00 -0.00
75 -47.90 4.08 15.00 -50.00 -10.00 0.00 -50.00 -10.00 0.00 -50.00 -10.00 0.00 -79.10 -17.80 -12.80 -12.80 -0.00 -0.00 -0.00
76 -43.72 3.83 15.00 -50.00 -10.00 0.00 -50.00 -10.00 0.00 -50.00 -10.00 0.00 -79.83 -17.85 -13.68 -13.68 -0.00 -0.00 -0.00
77 -30.89 3.63 15.00 -50.00 -10.00 0.00 -50.00 -10.00 0.00 -50.00 -10.00 0.00 -80.12 -17.89 -14.05 -14.05 -0.00 -0.00 -0.00
78 30.00 3.69 15.00 -50.00 -10.00 0.00 -50.00 -10.00 0.00 -50.00 -10.00 0.00 -80.10 -17.93 -14.02 -14.02 -0.00 -0.00 -0.00
79 -50.00 5.69 15.00 -50.00 -10.00 0.00 -50.00 -10.00 0.00 -50.00 -10.00 0.00 -73.89 -17.94 -5.11 -5.11 -0.00 -0.00 -0.00
80 -50.85 5.37 15.00 -50.00 -10.00 0.00 -50.00 -10.00 0.00 -50.00 -10.00 0.00 -75.31 -17.96 -8.74 -8.74 -0.00 -0.00 -0.00
81 -52.32 5.05 15.00 -50.00 -10.00 0.00 -50.00 -10.00 0.00 -50.00 -10.00 0.00 -77.45 -17.99 -11.22 -11.22 -0.00 -0.00 -0.00
82 -54.89 4.73 15.00 -50.00 -10.00 0.00 -50.00 -10.00 0.00 -50.00 -10.00 0.00 -78.91 -18.02 -12.80 -12.80 -0.00 -0.00 -0.00
83 -59.05 4.40 15.00 -50.00 -10.00 0.00 -50.00 -10.00 0.00 -50.00 -10.00 0.00 -79.67 -18.06 -13.68 -13.68 -0.00 -0.00 -0.00
84 -64.45 4.05 15.00 -50.00 -10.00 0.00 -50.00 -10.00 0.00 -50.00 -10.00 0.00 -79.96 -18.10 -14.05 -14.05 -0.00 -0.00 -0.00
85 -69.27 3.70 15.00 -50.00 -10.00 0.00 -50.00 -10.00 0.00 -50.00 -10.00 0.00 -79.95 -18.14 -14.02 -14.02 -0.00 -0.00 -0.00
86 -71.91 3.33 15.00 -50.00 -10.00 0.00 -50.00 -10.00 0.00 -50.00 -10.00 0.00 -79.72 -18.17 -13.71 -13.71 -0.00 -0.00 -0.00
87 -72.75 2.98 15.00 -50.00 -10.00 0.00 -50.00 -10.00 0.00 -50.00 -10.00 0.00 -79.33 -18.21 -13.20 -13.20 -0.00 -0.00 -0.00
88 -72.77 2.63 15.00 -50.00 -10.00 0.00 -50.00 -10.00 0.00 -50.00 -10.00 0.00 -78.84 -18.24 -12.55 -12.55 -0.00 -0.00 -0.00
89 -72.50 2.28 15.00 -50.00 -10.00 0.00 -50.00 -10.00 0.00 -50.00 -10.00 0.00 -78.26 -18.26 -11.81 -11.81 -0.00 -0.00 -0.00
90 -72.13 1.95 15.00 -50.00 -10.00 0.00 -50.00 -10.00 0.00 -50.00 -10.00 0.00 -77.62 -18.29 -11.02 -11.02 -0.00 -0.00 -0.00
91 -71.72 1.62 15.00 -50.00 -10.00 0.00 -50.00 -10.00 0.00 -50.00 -10.00 0.00 -76.94 -18.30 -10.22 -10.22 -0.00 -0.00 -0.00
92 -71.29 1.31 15.00 -50.00 -10.00 0.00 -50.00 -10.00 0.00 -50.00 -10.00 0.00 -76.24 -18.32 -9.41 -9.41 -0.00 -0.00 -0.00
93 -70.85 1.00 15.00 -50.00 -10.00 0.00 -50.00 -10.00 0.00 -50.00 -10.00 0.00 -75.51 -18.33 -8.63 -8.63 -0.00 -0.00 -0.00
94 -70.40 0.70 15.00 -50.00 -10.00 0.00 -50.00 -10.00 0.00 -50.00 -10.00 0.00 -74.78 -18.34 -7.88 -7.88 -0.00 -0.00 -0.00
95 -69.93 0.40 15.00 -50.00 -10.00 0.00 -50.00 -10.00 0.00 -50.00 -10.00 0.00 -74.05 -18.34 -7.16 -7.16 -0.00 -0.00 -0.00
96 -69.46 0.12 15.00 -50.00 -10.00 0.00 -50.00 -10.00 0.00 -50.00 -10.00 0.00 -73.32 -18.34 -6.49 -6.49 -0.00 -0.00 -0.00
97 -68.96 -0.16 15.00 -50.00 -10.00 0.00 -50.00 -10.00 0.00 -50.00 -10.00 0.00 -72.60 -18.34 -5.86 -5.86 -0.00 -0.00 -0.00
98 -68.45 -0.43 15.00 -50.00 -10.00 0.00 -50.00 -10.00 0.00 -50.00 -10.00 0.00 -71.88 -18.33 -5.27 -5.27 -0.00 -0.00 -0.00
99 -67.92 -0.70 15.00 -50.00 -10.00 0.00 -50.00 -10.00 0.00 -50.00 -10.00 0.00 -71.18 -18.32 -4.74 -4.74 -0.00 -0.00 -0.00
100 -67.37 -0.95 15.00 -50.00 -10.00 0.00 -50.00 -10.00 0.00 -50.00 -10.00 0.00 -70.48 -18.31 -4.25 -4.25 -0.00 -0.00 -0.00
101 -79.29 -1.25 0.00 -50.00 -10.00 0.00 -50.00 -10.00 0.00 -30.12 -9.92 15.00 -69.80 -18.29 -3.80 -3.80 -0.00 -0.00 -0.00
102 -81.69 -1.55 0.00 -50.00 -10.00 0.00 -50.00 -10.00 0.00 30.00 -9.46 15.00 -69.13 -18.27 -3.39 -3.39 -0.00 -0.00 -0.00
103 -81.67 -1.85 0.00 -50.00 -10.00 0.00 -50.00 -10.00 0.00 -50.00 -7.46 15.00 -73.23 -18.27 -8.63 -3.02 -0.00 -0.00 -5.61
104 -81.49 -2.14 0.00 -50.00 -10.00 0.00 -50.00 -10.00 0.00 -33.65 -7.44 15.00 -77.47 -18.29 -12.22 -2.69 -0.00 -0.00 -9.53
105 -81.30 -2.42 0.00 -50.00 -10.00 0.00 -50.00 -10.00 0.00 30.00 -7.15 15.00 -79.88 -18.32 -14.53 -2.39 -0.00 -0.00 -12.14
106 -81.11 -2.69 0.00 -50.00 -10.00 0.00 -50.00 -10.00 0.00 -50.00 -5.15 15.00 -75.48 -18.34 -7.73 -2.12 -0.00 -0.00 -5.61
107 -80.92 -2.96 0.00 -50.00 -10.00 0.00 -50.00 -10.00 0.00 -36.80 -5.19 15.00 -77.36 -18.36 -11.41 -1.88 -0.00 -0.00 -9.53
108 -80.74 -3.23 0.00 -50.00 -10.00 0.00 -50.00 -10.00 0.00 13.78 -5.03 15.00 -79.34 -18.39 -13.81 -1.66 -0.00 -0.00 -12.14
109 -80.56 -3.49 0.00 -50.00 -10.00 0.00 -50.00 -10.00 0.00 30.00 -1.37 15.00 -80.48 -18.42 -15.23 -1.47 -0.00 -0.00 -13.76
110 -80.38 -3.74 0.00 -50.00 -10.00 0.00 -50.00 -10.00 0.00 -50.00 0.63 15.00 -74.90 -18.43 -6.91 -1.30 -0.00 -0.00 -5.61
111 -80.20 -3.98 0.00 -50.00 -10.00 0.00 -50.00 -10.00 0.00 -44.44 0.44 15.00 -76.64 -18.44 -10.68 -1.15 -0.00 -0.00 -9.53
112 -80.03 -4.22 0.00 -50.00 -10.00 0.00 -50.00 -10.00 0.00 -28.35 0.32 15.00 -78.72 -18.47 -13.15 -1.01 -0.00 -0.00 -12.14
113 -79.86 -4.46 0.00 -50.00 -10.00 0.00 -50.00 -10.00 0.00 30.00 0.54 15.00 -79.99 -18.50 -14.64 -0.89 -0.00 -0.00 -13.76
114 -79.69 -4.69 0.00 -50.00 -10.00 0.00 -50.00 -10.00 0.00 -50.00 2.54 15.00 -74.40 -18.50 -6.39 -0.78 -0.00 -0.00 -5.61
115 -79.52 -4.91 0.00 -50.00 -10.00 0.00 -50.00 -10.00 0.00 -46.90 2.30 15.00 -76.13 -18.51 -10.22 -0.69 -0.00 -0.00 -9.53
116 -79.35 -5.13 0.00 -50.00 -10.00 0.00 -50.00 -10.00 0.00 -38.60 2.10 15.00 -78.31 -18.53 -12.75 -0.60 -0.00 -0.00 -12.14
117 -79.19 -5.35 0.00 -50.00 -10.00 0.00 -50.00 -10.00 0.00 -7.87 2.03 15.00 -79.66 -18.56 -14.29 -0.53 -0.00 -0.00 -13.76
118 -79.03 -5.56 0.00 -50.00 -10.00 0.00 -50.00 -10.00 0.00 30.00 3.20 15.00 -80.30 -18.59 -15.07 -0.47 -0.00 -0.00 -14.61
119 -78.87 -5.76 0.00 -50.00 -10.00 0.00 -50.00 -10.00 0.00 -50.00 5.20 15.00 -74.10 -18.59 -6.02 -0.41 -0.00 -0.00 -5.61
120 -78.72 -5.96 0.00 -50.00 -10.00 0.00 -50.00 -10.00 0.00 -50.25 4.89 15.00 -75.74 -18.59 -9.89 -0.36 -0.00 -0.00 -9.53
121 -78.56 -6.15 0.00 -50.00 -10.00 0.00 -50.00 -10.00 0.00 -50.43 4.60 15.00 -77.97 -18.61 -12.46 -0.31 -0.00 -0.00 -12.14
122 -78.41 -6.34 0.00 -50.00 -10.00 0.00 -50.00 -10.00 0.00 -50.44 4.30 15.00 -79.40 -18.64 -14.03 -0.27 -0.00 -0.00 -13.76
123 -78.26 -6.53 0.00 -50.00 -10.00 0.00 -50.00 -10.00 0.00 -50.12 4.02 15.00 -80.08 -18.66 -14.85 -0.24 -0.00 -0.00 -14.61
124 -78.11 -6.71 0.00 -50.00 -10.00 0.00 -50.00 -10.00 0.00 -49.03 3.74 15.00 -80.29 -18.69 -15.10 -0.21 -0.00 -0.00 -14.89
125 -77.97 -6.89 0.00 -50.00 -10.00 0.00 -50.00 -10.00 0.00 -46.12 3.48 15.00 -80.19 -18.72 -14.94 -0.18 -0.00 -0.00 -14.76
126 -77.82 -7.06 0.00 -50.00 -10.00 0.00 -50.00 -10.00 0.00 -37.98 3.26 15.00 -79.86 -18.74 -14.49 -0.16 -0.00 -0.00 -14.33
127 -77.68 -7.23 0.00 -50.00 -10.00 0.00 -50.00 -10.00 0.00 -6.96 3.16 15.00 -79.39 -18.77 -13.83 -0.14 -0.00 -0.00 -13.69
128 -77.54 -7.40 0.00 -50.00 -10.00 0.00 -50.00 -10.00 0.00 30.00 4.36 15.00 -78.80 -18.79 -13.05 -0.12 -0.00 -0.00 -12.92
129 -77.40 -7.56 0.00 -50.00 -10.00 0.00 -50.00 -10.00 0.00 -50.00 6.36 15.00 -73.50 -18.78 -5.72 -0.11 -0.00 -0.00 -5.61
130 -77.27 -7.72 0.00 -50.00 -10.00 0.00 -50.00 -10.00 0.00 -51.69 6.03 15.00 -75.24 -18.78 -9.62 -0.09 -0.00 -0.00 -9.53
131 -77.13 -7.87 0.00 -50.00 -10.00 0.00 -50.00 -10.00 0.00 -54.83 5.69 15.00 -77.58 -18.79 -12.23 -0.08 -0.00 -0.00 -12.14
132 -77.00 -8.02 0.00 -50.00 -10.00 0.00 -50.00 -10.00 0.00 -60.01 5.33 15.00 -79.08 -18.81 -13.83 -0.07 -0.00 -0.00 -13.76
133 -76.87 -8.17 0.00 -50.00 -10.00 0.00 -50.00 -10.00 0.00 -66.46 4.96 15.00 -79.82 -18.83 -14.67 -0.06 -0.00 -0.00 -14.61
134 -76.74 -8.31 0.00 -50.00 -10.00 0.00 -50.00 -10.00 0.00 -71.44 4.58 15.00 -80.06 -18.86 -14.94 -0.05 -0.00 -0.00 -14.89
135 -76.62 -8.45 0.00 -50.00 -10.00 0.00 -50.00 -10.00 0.00 -73.57 4.19 15.00 -79.97 -18.88 -14.80 -0.05 -0.00 -0.00 -14.76
136 -76.49 -8.59 0.00 -50.00 -10.00 0.00 -50.00 -10.00 0.00 -73.99 3.81 15.00 -79.66 -18.90 -14.37 -0.04 -0.00 -0.00 -14.33
137 -76.37 -8.72 0.00 -50.00 -10.00 0.00 -50.00 -10.00 0.00 -73.82 3.44 15.00 -79.20 -18.92 -13.73 -0.04 -0.00 -0.00 -13.69
138 -76.25 -8.85 0.00 -50.00 -10.00 0.00 -50.00 -10.00 0.00 -73.48 3.08 15.00 -78.62 -18.93 -12.95 -0.03 -0.00 -0.00 -12.92
139 -76.13 -8.98 0.00 -50.00 -10.00 0.00 -50.00 -10.00 0.00 -73.09 2.72 15.00 -77.95 -18.94 -12.10 -0.03 -0.00 -0.00 -12.08
140 -76.01 -9.11 0.00 -50.00 -10.00 0.00 -50.00 -10.00 0.00 -72.68 2.38 15.00 -77.24 -18.95 -11.21 -0.02 -0.00 -0.00 -11.19
141 -75.89 -9.23 0.00 -50.00 -10.00 0.00 -50.00 -10.00 0.00 -72.27 2.04 15.00 -76.48 -18.95 -10.32 -0.02 -0.00 -0.00 -10.30
142 -75.78 -9.35 0.00 -50.00 -10.00 0.00 -50.00 -10.00 0.00 -71.84 1.71 15.00 -75.69 -18.95 -9.44 -0.02 -0.00 -0.00 -9.42
143 -75.67 -9.46 0.00 -50.00 -10.00 0.00 -50.00 -10.00 0.00 -71.41 1.39 15.00 -74.90 -18.95 -8.59 -0.02 -0.00 -0.00 -8.57
144 -75.56 -9.58 0.00 -50.00 -10.00 0.00 -50.00 -10.00 0.00 -70.97 1.08 15.00 -74.09 -18.94 -7.78 -0.01 -0.00 -0.00 -7.77
145 -75.45 -9.69 0.00 -50.00 -10.00 0.00 -50.00 -10.00 0.00 -70.52 0.78 15.00 -73.29 -18.93 -7.02 -0.01 -0.00 -0.00 -7.01
146 -75.34 -9.79 0.00 -50.00 -10.00 0.00 -50.00 -10.00 0.00 -70.06 0.48 15.00 -72.49 -18.91 -6.32 -0.01 -0.00 -0.00 -6.31
147 -75.24 -9.90 0.00 -50.00 -10.00 0.00 -50.00 -10.00 0.00 -69.59 0.19 15.00 -71.69 -18.89 -5.66 -0.01 -0.00 -0.00 -5.66
148 -75.13 -10.00 0.00 -50.00 -10.00 0.00 -50.00 -10.00 0.00 -69.10 -0.09 15.00 -70.91 -18.87 -5.07 -0.01 -0.00 -0.00 -5.06
149 -75.03 -10.10 0.00 -50.00 -10.00 0.00 -50.00 -10.00 0.00 -68.60 -0.36 15.00 -70.13 -18.84 -4.52 -0.01 -0.00 -0.00 -4.51
150 -74.93 -10.20 0.00 -50.00 -10.00 0.00 -50.00 -10.00 0.00 -68.07 -0.62 15.00 -69.36 -18.81 -4.02 -0.01 -0.00 -0.00 -4.01
151 -74.83 -10.29 0.00 -50.00 -10.00 0.00 -50.00 -10.00 0.00 -67.52 -0.88 15.00 -68.60 -18.78 -3.57 -0.00 -0.00 -0.00 -3.57
152 -74.74 -10.39 0.00 -50.00 -10.00 0.00 -50.00 -10.00 0.00 -66.94 -1.13 15.00 -67.85 -18.74 -3.16 -0.00 -0.00 -0.00 -3.16
153 -74.64 -10.48 0.00 -50.00 -10.00 0.00 -50.00 -10.00 0.00 -66.33 -1.38 15.00 -67.10 -18.70 -2.80 -0.00 -0.00 -0.00 -2.80
154 -74.55 -10.57 0.00 -50.00 -10.00 0.00 -50.00 -10.00 0.00 -65.67 -1.61 15.00 -66.35 -18.66 -2.47 -0.00 -0.00 -0.00 -2.47
155 -74.45 -10.65 0.00 -50.00 -10.00 0.00 -50.00 -10.00 0.00 -64.95 -1.84 15.00 -65.59 -18.62 -2.18 -0.00 -0.00 -0.00 -2.18
156 -74.36 -10.74 0.00 -50.00 -10.00 0.00 -50.00 -10.00 0.00 -64.16 -2.06 15.00 -64.81 -18.57 -1.92 -0.00 -0.00 -0.00 -1.92
157 -74.27 -10.82 0.00 -50.00 -10.00 0.00 -50.00 -10.00 0.00 -63.27 -2.27 15.00 -64.01 -18.52 -1.69 -0.00 -0.00 -0.00 -1.69
158 -74.19 -10.90 0.00 -50.00 -10.00 0.00 -50.00 -10.00 0.00 -62.24 -2.47 15.00 -63.16 -18.46 -1.49 -0.00 -0.00 -0.00 -1.48
159 -74.10 -10.98 0.00 -50.00 -10.00 0.00 -50.00 -10.00 0.00 -61.00 -2.67 15.00 -62.24 -18.40 -1.30 -0.00 -0.00 -0.00 -1.30
160 -74.01 -11.06 0.00 -50.00 -10.00 0.00 -50.00 -10.00 0.00 -59.43 -2.85 15.00 -61.22 -18.34 -1.14 -0.00 -0.00 -0.00 -1.14
161 -73.93 -11.13 0.00 -50.00 -10.00 0.00 -50.00 -10.00 0.00 -57.31 -3.02 15.00 -60.03 -18.27 -1.00 -0.00 -0.00 -0.00 -1.00
162 -73.85 -11.20 0.00 -50.00 -10.00 0.00 -50.00 -10.00 0.00 -54.13 -3.18 15.00 -58.56 -18.20 -0.88 -0.00 -0.00 -0.00 -0.88
163 -73.77 -11.27 0.00 -50.00 -10.00 0.00 -50.00 -10.00 0.00 -48.48 -3.31 15.00 -56.59 -18.12 -0.77 -0.00 -0.00 -0.00 -0.77
164 -73.69 -11.34 0.00 -50.00 -10.00 0.00 -50.00 -10.00 0.00 -35.29 -3.39 15.00 -53.65 -18.03 -0.67 -0.00 -0.00 -0.00 -0.67
165 -73.61 -11.41 0.00 -50.00 -10.00 0.00 -50.00 -10.00 0.00 18.76 -3.24 15.00 -48.47 -17.91 -0.59 -0.00 -0.00 -0.00 -0.58
166 -73.53 -11.48 0.00 -50.00 -10.00 0.00 -50.00 -10.00 0.00 30.00 1.11 15.00 -36.51 -17.73 -0.51 -0.00 -0.00 -0.00 -0.51
167 -73.46 -11.54 0.00 -50.00 -10.00 0.00 -50.00 -10.00 0.00 -50.00 3.11 15.00 0.89 -17.37 -5.61 -0.00 -0.00 -0.00 -5.61
168 -73.38 -11.60 0.00 -50.00 -10.00 0.00 -50.00 -10.00 0.00 -47.62 2.86 15.00 30.00 -14.72 -9.53 -0.00 -0.00 -0.00 -9.53
169 -73.31 -11.66 0.00 -50.00 -10.00 0.00 -50.00 -10.00 0.00 -41.33 2.63 15.00 -65.00 -8.72 -9.53 -0.00 -0.00 -0.00 -9.53
170 -73.24 -11.72 0.00 -50.00 -10.00 0.00 -50.00 -10.00 0.00 -20.37 2.50 15.00 -82.77 -8.95 -13.76 -0.00 -0.00 -0.00 -13.76
171 -73.17 -11.78 0.00 -50.00 -10.00 0.00 -50.00 -10.00 0.00 30.00 2.95 15.00 -85.87 -9.21 -14.61 -0.00 -0.00 -0.00 -14.61
172 -73.10 -11.84 0.00 -50.00 -10.00 0.00 -50.00 -10.00 0.00 -50.00 4.95 15.00 -80.55 -9.42 -5.61 -0.00 -0.00 -0.00 -5.61
173 -73.03 -11.89 0.00 -50.00 -10.00 0.00 -50.00 -10.00 0.00 -49.94 4.65 15.00 -82.62 -9.65 -9.53 -0.00 -0.00 -0.00 -9.53
174 -72.97 -11.95 0.00 -50.00 -10.00 0.00 -50.00 -10.00 0.00 -49.44 4.36 15.00 -84.11 -9.88 -12.14 -0.00 -0.00 -0.00 -12.14
175 -72.90 -12.00 0.00 -50.00 -10.00 0.00 -50.00 -10.00 0.00 -47.90 4.08 15.00 -84.92 -10.10 -13.76 -0.00 -0.00 -0.00 -13.76
176 -72.84 -12.05 0.00 -50.00 -10.00 0.00 -50.00 -10.00 0.00 -43.72 3.83 15.00 -85.27 -10.33 -14.61 -0.00 -0.00 -0.00 -14.61
177 -72.78 -12.10 0.00 -50.00 -10.00 0.00 -50.00 -10.00 0.00 -30.89 3.63 15.00 -85.31 -10.55 -14.89 -0.00 -0.00 -0.00 -14.89
178 -72.72 -12.15 0.00 -50.00 -10.00 0.00 -50.00 -10.00 0.00 30.00 3.69 15.00 -85.12 -10.76 -14.76 -0.00 -0.00 -0.00 -14.76
179 -72.66 -12.20 0.00 -50.00 -10.00 0.00 -50.00 -10.00 0.00 -50.00 5.69 15.00 -79.55 -10.94 -5.61 -0.00 -0.00 -0.00 -5.61
180 -72.60 -12.25 0.00 -50.00 -10.00 0.00 -50.00 -10.00 0.00 -50.85 5.37 15.00 -81.61 -11.13 -9.53 -0.00 -0.00 -0.00 -9.53
181 -72.54 -12.29 0.00 -50.00 -10.00 0.00 -50.00 -10.00 0.00 -52.32 5.05 15.00 -83.21 -11.33 -12.14 -0.00 -0.00 -0.00 -12.14
182 -72.48 -12.33 0.00 -50.00 -10.00 0.00 -50.00 -10.00 0.00 -54.89 4.73 15.00 -84.09 -11.52 -13.76 -0.00 -0.00 -0.00 -13.76
183 -72.43 -12.38 0.00 -50.00 -10.00 0.00 -50.00 -10.00 0.00 -59.05 4.40 15.00 -84.48 -11.71 -14.61 -0.00 -0.00 -0.00 -14.61
184 -72.37 -12.42 0.00 -50.00 -10.00 0.00 -50.00 -10.00 0.00 -64.45 4.05 15.00 -84.54 -11.90 -14.89 -0.00 -0.00 -0.00 -14.89
185 -72.32 -12.46 0.00 -50.00 -10.00 0.00 -50.00 -10.00 0.00 -69.27 3.70 15.00 -84.36 -12.09 -14.76 -0.00 -0.00 -0.00 -14.76
186 -72.26 -12.50 0.00 -50.00 -10.00 0.00 -50.00 -10.00 0.00 -71.91 3.33 15.00 -84.01 -12.26 -14.33 -0.00 -0.00 -0.00 -14.33
187 -72.21 -12.54 0.00 -50.00 -10.00 0.00 -50.00 -10.00 0.00 -72.75 2.98 15.00 -83.53 -12.44 -13.69 -0.00 -0.00 -0.00 -13.69
188 -72.16 -12.58 0.00 -50.00 -10.00 0.00 -50.00 -10.00 0.00 -72.77 2.63 15.00 -82.97 -12.60 -12.92 -0.00 -0.00 -0.00 -12.92
189 -72.11 -12.61 0.00 -50.00 -10.00 0.00 -50.00 -10.00 0.00 -72.50 2.28 15.00 -82.35 -12.76 -12.08 -0.00 -0.00 -0.00 -12.08
190 -72.06 -12.65 0.00 -50.00 -10.00 0.00 -50.00 -10.00 0.00 -72.13 1.95 15.00 -81.69 -12.91 -11.19 -0.00 -0.00 -0.00 -11.19
191 -72.02 -12.69 0.00 -50.00 -10.00 0.00 -50.00 -10.00 0.00 -71.72 1.62 15.00 -81.01 -13.06 -10.30 -0.00 -0.00 -0.00 -10.30
192 -71.97 -12.72 0.00 -50.00 -10.00 0.00 -50.00 -10.00 0.00 -71.29 1.31 15.00 -80.31 -13.20 -9.42 -0.00 -0.00 -0.00 -9.42
193 -71.92 -12.75 0.00 -50.00 -10.00 0.00 -50.00 -10.00 0.00 -70.85 1.00 15.00 -79.62 -13.34 -8.57 -0.00 -0.00 -0.00 -8.57
194 -71.88 -12.79 0.00 -50.00 -10.00 0.00 -50.00 -10.00 0.00 -70.40 0.70 15.00 -78.93 -13.46 -7.77 -0.00 -0.00 -0.00 -7.77
195 -71.84 -12.82 0.00 -50.00 -10.00 0.00 -50.00 -10.00 0.00 -69.93 0.40 15.00 -78.25 -13.59 -7.01 -0.00 -0.00 -0.00 -7.01
196 -71.79 -12.85 0.00 -50.00 -10.00 0.00 -50.00 -10.00 0.00 -69.46 0.12 15.00 -77.59 -13.70 -6.31 -0.00 -0.00 -0.00 -6.31
197 -71.75 -12.88 0.00 -50.00 -10.00 0.00 -50.00 -10.00 0.00 -68.96 -0.16 15.00 -76.96 -13.81 -5.66 -0.00 -0.00 -0.00 -5.66
198 -71.71 -12.91 0.00 -50.00 -10.00 0.00 -50.00 -10.00 0.00 -68.45 -0.43 15.00 -76.34 -13.92 -5.06 -0.00 -0.00 -0.00 -5.06
199 -71.67 -12.94 0.00 -50.00 -10.00 0.00 -50.00 -10.00 0.00 -67.92 -0.70 15.00 -75.74 -14.02 -4.51 -0.00 -0.00 -0.00 -4.51
200 -71.63 -12.96 0.00 -50.00 -10.00 0.00 -50.00 -10.00 0.00 -67.37 -0.95 15.00 -75.17 -14.11 -4.01 -0.00 -0.00 -0.00 -4.01
201 -71.59 -12.99 0.00 -50.00 -10.00 0.00 -30.12 -9.92 15.00 -79.29 -1.25 0.00 -74.63 -14.21 -3.57 -0.00 -0.00 -0.00 -3.57
202 -71.55 -13.02 0.00 -50.00 -10.00 0.00 30.00 -9.46 15.00 -81.69 -1.55 0.00 -74.11 -14.29 -3.16 -0.00 -0.00 -0.00 -3.16
203 -71.52 -13.04 0.00 -50.00 -10.00 0.00 -50.00 -7.46 15.00 -81.67 -1.85 0.00 -77.45 -14.39 -7.91 -0.00 -0.00 -5.12 -2.80
204 -71.48 -13.07 0.00 -50.00 -10.00 0.00 -33.65 -7.44 15.00 -81.49 -2.14 0.00 -80.27 -14.51 -11.23 -0.00 -0.00 -8.76 -2.47
205 -71.44 -13.09 0.00 -50.00 -10.00 0.00 30.00 -7.15 15.00 -81.30 -2.42 0.00 -81.87 -14.63 -13.42 -0.00 -0.00 -11.24 -2.18
206 -71.41 -13.12 0.00 -50.00 -10.00 0.00 -50.00 -5.15 15.00 -81.11 -2.69 0.00 -77.78 -14.72 -7.04 -0.00 -0.00 -5.12 -1.92
207 -71.38 -13.14 0.00 -50.00 -10.00 0.00 -36.80 -5.19 15.00 -80.92 -2.96 0.00 -79.57 -14.83 -10.44 -0.00 -0.00 -8.76 -1.69
208 -71.34 -13.16 0.00 -50.00 -10.00 0.00 13.78 -5.03 15.00 -80.74 -3.23 0.00 -81.18 -14.93 -12.72 -0.00 -0.00 -11.24 -1.48
209 -71.31 -13.18 0.00 -50.00 -10.00 0.00 30.00 -1.37 15.00 -80.56 -3.49 0.00 -82.10 -15.05 -14.12 -0.00 -0.00 -12.82 -1.30
210 -71.28 -13.20 0.00 -50.00 -10.00 0.00 -50.00 0.63 15.00 -80.38 -3.74 0.00 -76.98 -15.13 -6.26 -0.00 -0.00 -5.12 -1.14
211 -71.25 -13.23 0.00 -50.00 -10.00 0.00 -44.44 0.44 15.00 -80.20 -3.98 0.00 -78.72 -15.22 -9.76 -0.00 -0.00 -8.76 -1.00
212 -71.22 -13.25 0.00 -50.00 -10.00 0.00 -28.35 0.32 15.00 -80.03 -4.22 0.00 -80.45 -15.32 -12.11 -0.00 -0.00 -11.24 -0.88
213 -71.19 -13.27 0.00 -50.00 -10.00 0.00 30.00 0.54 15.00 -79.86 -4.46 0.00 -81.48 -15.42 -13.58 -0.00 -0.00 -12.82 -0.77
214 -71.16 -13.29 0.00 -50.00 -10.00 0.00 -50.00 2.54 15.00 -79.69 -4.69 0.00 -76.34 -15.49 -5.79 -0.00 -0.00 -5.12 -0.67
215 -71.13 -13.30 0.00 -50.00 -10.00 0.00 -46.90 2.30 15.00 -79.52 -4.91 0.00 -78.07 -15.57 -9.34 -0.00 -0.00 -8.76 -0.58
216 -71.10 -13.32 0.00 -50.00 -10.00 0.00 -38.60 2.10 15.00 -79.35 -5.13 0.00 -79.91 -15.66 -11.75 -0.00 -0.00 -11.24 -0.51
217 -71.08 -13.34 0.00 -50.00 -10.00 0.00 -7.87 2.03 15.00 -79.19 -5.35 0.00 -81.02 -15.75 -13.26 -0.00 -0.00 -12.82 -0.44
218 -71.05 -13.36 0.00 -50.00 -10.00 0.00 30.00 3.20 15.00 -79.03 -5.56 0.00 -81.57 -15.85 -14.10 -0.00 -0.00 -13.71 -0.39
219 -71.02 -13.37 0.00 -50.00 -10.00 0.00 -50.00 5.20 15.00 -78.87 -5.76 0.00 -75.82 -15.91 -5.45 -0.00 -0.00 -5.12 -0.34
220 -71.00 -13.39 0.00 -50.00 -10.00 0.00 -50.25 4.89 15.00 -78.72 -5.96 0.00 -77.48 -15.98 -9.05 -0.00 -0.00 -8.76 -0.29
221 -70.97 -13.41 0.00 -50.00 -10.00 0.00 -50.43 4.60 15.00 -78.56 -6.15 0.00 -79.39 -16.06 -11.49 -0.00 -0.00 -11.24 -0.26
222 -70.95 -13.42 0.00 -50.00 -10.00 0.00 -50.44 4.30 15.00 -78.41 -6.34 0.00 -80.58 -16.14 -13.04 -0.00 -0.00 -12.82 -0.22
223 -70.93 -13.44 0.00 -50.00 -10.00 0.00 -50.12 4.02 15.00 -78.26 -6.53 0.00 -81.18 -16.22 -13.90 -0.00 -0.00 -13.71 -0.19
224 -70.90 -13.45 0.00 -50.00 -10.00 0.00 -49.03 3.74 15.00 -78.11 -6.71 0.00 -81.38 -16.30 -14.24 -0.00 -0.00 -14.08 -0.17
225 -70.88 -13.47 0.00 -50.00 -10.00 0.00 -46.12 3.48 15.00 -77.97 -6.89 0.00 -81.31 -16.38 -14.19 -0.00 -0.00 -14.05 -0.15
226 -70.86 -13.48 0.00 -50.00 -10.00 0.00 -37.98 3.26 15.00 -77.82 -7.06 0.00 -81.05 -16.46 -13.86 -0.00 -0.00 -13.74 -0.13
227 -70.84 -13.50 0.00 -50.00 -10.00 0.00 -6.96 3.16 15.00 -77.68 -7.23 0.00 -80.64 -16.54 -13.33 -0.00 -0.00 -13.22 -0.11
228 -70.82 -13.51 0.00 -50.00 -10.00 0.00 30.00 4.36 15.00 -77.54 -7.40 0.00 -80.14 -16.61 -12.67 -0.00 -0.00 -12.57 -0.09
229 -70.80 -13.52 0.00 -50.00 -10.00 0.00 -50.00 6.36 15.00 -77.40 -7.56 0.00 -74.93 -16.65 -5.20 -0.00 -0.00 -5.12 -0.08
230 -70.78 -13.53 0.00 -50.00 -10.00 0.00 -51.69 6.03 15.00 -77.27 -7.72 0.00 -76.59 -16.70 -8.83 -0.00 -0.00 -8.76 -0.07
231 -70.76 -13.55 0.00 -50.00 -10.00 0.00 -54.83 5.69 15.00 -77.13 -7.87 0.00 -78.64 -16.76 -11.30 -0.00 -0.00 -11.24 -0.06
232 -70.74 -13.56 0.00 -50.00 -10.00 0.00 -60.01 5.33 15.00 -77.00 -8.02 0.00 -79.94 -16.82 -12.87 -0.00 -0.00 -12.82 -0.05
233 -70.72 -13.57 0.00 -50.00 -10.00 0.00 -66.46 4.96 15.00 -76.87 -8.17 0.00 -80.60 -16.89 -13.76 -0.00 -0.00 -13.71 -0.05
234 -70.70 -13.58 0.00 -50.00 -10.00 0.00 -71.44 4.58 15.00 -76.74 -8.31 0.00 -80.84 -16.95 -14.11 -0.00 -0.00 -14.08 -0.04
235 -70.68 -13.59 0.00 -50.00 -10.00 0.00 -73.57 4.19 15.00 -76.62 -8.45 0.00 -80.79 -17.02 -14.08 -0.00 -0.00 -14.05 -0.03
236 -70.66 -13.60 0.00 -50.00 -10.00 0.00 -73.99 3.81 15.00 -76.49 -8.59 0.00 -80.55 -17.08 -13.77 -0.00 -0.00 -13.74 -0.03
237 -70.65 -13.61 0.00 -50.00 -10.00 0.00 -73.82 3.44 15.00 -76.37 -8.72 0.00 -80.16 -17.14 -13.25 -0.00 -0.00 -13.22 -0.03
238 -70.63 -13.62 0.00 -50.00 -10.00 0.00 -73.48 3.08 15.00 -76.25 -8.85 0.00 -79.66 -17.20 -12.59 -0.00 -0.00 -12.57 -0.02
239 -70.62 -13.63 0.00 -50.00 -10.00 0.00 -73.09 2.72 15.00 -76.13 -8.98 0.00 -79.08 -17.25 -11.85 -0.00 -0.00 -11.83 -0.02
240 -70.60 -13.64 0.00 -50.00 -10.00 0.00 -72.68 2.38 15.00 -76.01 -9.11 0.00 -78.45 -17.30 -11.06 -0.00 -0.00 -11.04 -0.02
241 -70.58 -13.65 0.00 -50.00 -10.00 0.00 -72.27 2.04 15.00 -75.89 -9.23 0.00 -77.78 -17.34 -10.25 -0.00 -0.00 -10.24 -0.01
242 -70.57 -13.66 0.00 -50.00 -10.00 0.00 -71.84 1.71 15.00 -75.78 -9.35 0.00 -77.09 -17.38 -9.44 -0.00 -0.00 -9.43 -0.01
243 -70.55 -13.67 0.00 -50.00 -10.00 0.00 -71.41 1.39 15.00 -75.67 -9.46 0.00 -76.39 -17.41 -8.66 -0.00 -0.00 -8.65 -0.01
244 -70.54 -13.68 0.00 -50.00 -10.00 0.00 -70.97 1.08 15.00 -75.56 -9.58 0.00 -75.68 -17.44 -7.90 -0.00 -0.00 -7.89 -0.01
245 -70.53 -13.69 0.00 -50.00 -10.00 0.00 -70.52 0.78 15.00 -75.45 -9.69 0.00 -74.97 -17.47 -7.18 -0.00 -0.00 -7.17 -0.01
246 -70.51 -13.70 0.00 -50.00 -10.00 0.00 -70.06 0.48 15.00 -75.34 -9.79 0.00 -74.26 -17.49 -6.50 -0.00 -0.00 -6.50 -0.01
247 -70.50 -13.71 0.00 -50.00 -10.00 0.00 -69.59 0.19 15.00 -75.24 -9.90 0.00 -73.57 -17.51 -5.87 -0.00 -0.00 -5.87 -0.01
248 -70.49 -13.71 0.00 -50.00 -10.00 0.00 -69.10 -0.09 15.00 -75.13 -10.00 0.00 -72.89 -17.52 -5.29 -0.00 -0.00 -5.28 -0.01
249 -70.47 -13.72 0.00 -50.00 -10.00 0.00 -68.60 -0.36 15.00 -75.03 -10.10 0.00 -72.22 -17.53 -4.75 -0.00 -0.00 -4.75 -0.00
250 -70.46 -13.73 0.00 -50.00 -10.00 0.00 -68.07 -0.62 15.00 -74.93 -10.20 0.00 -71.57 -17.54 -4.26 -0.00 -0.00 -4.26 -0.00
251 -70.45 -13.74 0.00 -50.00 -10.00 0.00 -67.52 -0.88 15.00 -74.83 -10.29 0.00 -70.94 -17.54 -3.81 -0.00 -0.00 -3.81 -0.00
252 -70.44 -13.74 0.00 -50.00 -10.00 0.00 -66.94 -1.13 15.00 -74.74 -10.39 0.00 -70.32 -17.54 -3.40 -0.00 -0.00 -3.40 -0.00
253 -70.43 -13.75 0.00 -50.00 -10.00 0.00 -66.33 -1.38 15.00 -74.64 -10.48 0.00 -69.72 -17.54 -3.03 -0.00 -0.00 -3.03 -0.00
254 -70.42 -13.76 0.00 -50.00 -10.00 0.00 -65.67 -1.61 15.00 -74.55 -10.57 0.00 -69.14 -17.54 -2.70 -0.00 -0.00 -2.70 -0.00
255 -70.41 -13.76 0.00 -50.00 -10.00 0.00 -64.95 -1.84 15.00 -74.45 -10.65 0.00 -68.57 -17.53 -2.40 -0.00 -0.00 -2.39 -0.00
256 -70.40 -13.77 0.00 -50.00 -10.00 0.00 -64.16 -2.06 15.00 -74.36 -10.74 0.00 -68.02 -17.52 -2.13 -0.00 -0.00 -2.12 -0.00
257 -70.38 -13.77 0.00 -50.00 -10.00 0.00 -63.27 -2.27 15.00 -74.27 -10.82 0.00 -67.48 -17.51 -1.88 -0.00 -0.00 -1.88 -0.00
258 -70.37 -13.78 0.00 -50.00 -10.00 0.00 -62.24 -2.47 15.00 -74.19 -10.90 0.00 -66.96 -17.49 -1.67 -0.00 -0.00 -1.67 -0.00
259 -70.37 -13.79 0.00 -50.00 -10.00 0.00 -61.00 -2.67 15.00 -74.10 -10.98 0.00 -66.44 -17.47 -1.47 -0.00 -0.00 -1.47 -0.00
260 -70.36 -13.79 0.00 -50.00 -10.00 0.00 -59.43 -2.85 15.00 -74.01 -11.06 0.00 -65.94 -17.45 -1.30 -0.00 -0.00 -1.30 -0.00
261 -70.35 -13.80 0.00 -50.00 -10.00 0.00 -57.31 -3.02 15.00 -73.93 -11.13 0.00 -65.45 -17.43 -1.15 -0.00 -0.00 -1.15 -0.00
262 -70.34 -13.80 0.00 -50.00 -10.00 0.00 -54.13 -3.18 15.00 -73.85 -11.20 0.00 -64.96 -17.41 -1.01 -0.00 -0.00 -1.01 -0.00
263 -70.33 -13.81 0.00 -50.00 -10.00 0.00 -48.48 -3.31 15.00 -73.77 -11.27 0.00 -64.48 -17.38 -0.89 -0.00 -0.00 -0.89 -0.00
264 -70.32 -13.81 0.00 -50.00 -10.00 0.00 -35.29 -3.39 15.00 -73.69 -11.34 0.00 -63.99 -17.35 -0.78 -0.00 -0.00 -0.78 -0.00
265 -70.31 -13.82 0.00 -50.00 -10.00 0.00 18.76 -3.24 15.00 -73.61 -11.41 0.00 -63.50 -17.32 -0.69 -0.00 -0.00 -0.69 -0.00
266 -70.30 -13.82 0.00 -50.00 -10.00 0.00 30.00 1.11 15.00 -73.53 -11.48 0.00 -63.01 -17.29 -0.61 -0.00 -0.00 -0.61 -0.00
267 -70.30 -13.83 0.00 -50.00 -10.00 0.00 -50.00 3.11 15.00 -73.46 -11.54 0.00 -66.95 -17.28 -5.12 -0.00 -0.00 -5.12 -0.00
268 -70.29 -13.83 0.00 -50.00 -10.00 0.00 -47.62 2.86 15.00 -73.38 -11.60 0.00 -73.02 -17.30 -8.76 -0.00 -0.00 -8.76 -0.00
269 -70.28 -13.84 0.00 -50.00 -10.00 0.00 -41.33 2.63 15.00 -73.31 -11.66 0.00 -77.40 -17.34 -11.24 -0.00 -0.00 -11.24 -0.00
270 -70.27 -13.84 0.00 -50.00 -10.00 0.00 -20.37 2.50 15.00 -73.24 -11.72 0.00 -79.36 -17.39 -12.82 -0.00 -0.00 -12.82 -0.00
271 -70.27 -13.85 0.00 -50.00 -10.00 0.00 30.00 2.95 15.00 -73.17 -11.78 0.00 -80.15 -17.44 -13.71 -0.00 -0.00 -13.71 -0.00
272 -70.26 -13.85 0.00 -50.00 -10.00 0.00 -50.00 4.95 15.00 -73.10 -11.84 0.00 -74.26 -17.47 -5.12 -0.00 -0.00 -5.12 -0.00
273 -70.25 -13.85 0.00 -50.00 -10.00 0.00 -49.94 4.65 15.00 -73.03 -11.89 0.00 -75.77 -17.50 -8.76 -0.00 -0.00 -8.76 -0.00
274 -70.25 -13.86 0.00 -50.00 -10.00 0.00 -49.44 4.36 15.00 -72.97 -11.95 0.00 -77.89 -17.54 -11.24 -0.00 -0.00 -11.24 -0.00
275 -70.24 -13.86 0.00 -50.00 -10.00 0.00 -47.90 4.08 15.00 -72.90 -12.00 0.00 -79.29 -17.58 -12.82 -0.00 -0.00 -12.82 -0.00
276 -70.23 -13.87 0.00 -50.00 -10.00 0.00 -43.72 3.83 15.00 -72.84 -12.05 0.00 -80.02 -17.63 -13.71 -0.00 -0.00 -13.71 -0.00
277 -70.23 -13.87 0.00 -50.00 -10.00 0.00 -30.89 3.63 15.00 -72.78 -12.10 0.00 -80.29 -17.68 -14.08 -0.00 -0.00 -14.08 -0.00
278 -70.22 -13.87 0.00 -50.00 -10.00 0.00 30.00 3.69 15.00 -72.72 -12.15 0.00 -80.26 -17.73 -14.05 -0.00 -0.00 -14.05 -0.00
279 -70.21 -13.88 0.00 -50.00 -10.00 0.00 -50.00 5.69 15.00 -72.66 -12.20 0.00 -74.07 -17.74 -5.12 -0.00 -0.00 -5.12 -0.00
280 -70.21 -13.88 0.00 -50.00 -10.00 0.00 -50.85 5.37 15.00 -72.60 -12.25 0.00 -75.52 -17.77 -8.76 -0.00 -0.00 -8.76 -0.00
281 -70.20 -13.88 0.00 -50.00 -10.00 0.00 -52.32 5.05 15.00 -72.54 -12.29 0.00 -77.65 -17.80 -11.24 -0.00 -0.00 -11.24 -0.00
282 -70.20 -13.89 0.00 -50.00 -10.00 0.00 -54.89 4.73 15.00 -72.48 -12.33 0.00 -79.08 -17.84 -12.82 -0.00 -0.00 -12.82 -0.00
283 -70.19 -13.89 0.00 -50.00 -10.00 0.00 -59.05 4.40 15.00 -72.43 -12.38 0.00 -79.83 -17.88 -13.71 -0.00 -0.00 -13.71 -0.00
284 -70.19 -13.89 0.00 -50.00 -10.00 0.00 -64.45 4.05 15.00 -72.37 -12.42 0.00 -80.11 -17.92 -14.08 -0.00 -0.00 -14.08 -0.00
285 -70.18 -13.89 0.00 -50.00 -10.00 0.00 -69.27 3.70 15.00 -72.32 -12.46 0.00 -80.09 -17.97 -14.05 -0.00 -0.00 -14.05 -0.00
286 -70.18 -13.90 0.00 -50.00 -10.00 0.00 -71.91 3.33 15.00 -72.26 -12.50 0.00 -79.86 -18.01 -13.74 -0.00 -0.00 -13.74 -0.00
287 -70.17 -13.90 0.00 -50.00 -10.00 0.00 -72.75 2.98 15.00 -72.21 -12.54 0.00 -79.48 -18.04 -13.22 -0.00 -0.00 -13.22 -0.00
288 -70.17 -13.90 0.00 -50.00 -10.00 0.00 -72.77 2.63 15.00 -72.16 -12.58 0.00 -78.98 -18.08 -12.57 -0.00 -0.00 -12.57 -0.00
289 -70.16 -13.91 0.00 -50.00 -10.00 0.00 -72.50 2.28 15.00 -72.11 -12.61 0.00 -78.40 -18.11 -11.83 -0.00 -0.00 -11.83 -0.00
290 -70.16 -13.91 0.00 -50.00 -10.00 0.00 -72.13 1.95 15.00 -72.06 -12.65 0.00 -77.76 -18.13 -11.04 -0.00 -0.00 -11.04 -0.00
291 -70.16 -13.91 0.00 -50.00 -10.00 0.00 -71.72 1.62 15.00 -72.02 -12.69 0.00 -77.09 -18.16 -10.24 -0.00 -0.00 -10.24 -0.00
292 -70.15 -13.91 0.00 -50.00 -10.00 0.00 -71.29 1.31 15.00 -71.97 -12.72 0.00 -76.38 -18.18 -9.43 -0.00 -0.00 -9.43 -0.00
293 -70.15 -13.92 0.00 -50.00 -10.00 0.00 -70.85 1.00 15.00 -71.92 -12.75 0.00 -75.66 -18.19 -8.65 -0.00 -0.00 -8.65 -0.00
294 -70.14 -13.92 0.00 -50.00 -10.00 0.00 -70.40 0.70 15.00 -71.88 -12.79 0.00 -74.94 -18.20 -7.89 -0.00 -0.00 -7.89 -0.00
295 -70.14 -13.92 0.00 -50.00 -10.00 0.00 -69.93 0.40 15.00 -71.84 -12.82 0.00 -74.21 -18.21 -7.17 -0.00 -0.00 -7.17 -0.00
296 -70.14 -13.92 0.00 -50.00 -10.00 0.00 -69.46 0.12 15.00 -71.79 -12.85 0.00 -73.48 -18.21 -6.50 -0.00 -0.00 -6.50 -0.00
297 -70.13 -13.92 0.00 -50.00 -10.00 0.00 -68.96 -0.16 15.00 -71.75 -12.88 0.00 -72.76 -18.21 -5.87 -0.00 -0.00 -5.87 -0.00
298 -70.13 -13.93 0.00 -50.00 -10.00 0.00 -68.45 -0.43 15.00 -71.71 -12.91 0.00 -72.05 -18.21 -5.28 -0.00 -0.00 -5.28 -0.00
299 -70.13 -13.93 0.00 -50.00 -10.00 0.00 -67.92 -0.70 15.00 -71.67 -12.94 0.00 -71.35 -18.20 -4.75 -0.00 -0.00 -4.75 -0.00
300 -70.12 -13.93 0.00 -50.00 -10.00 0.00 -67.37 -0.95 15.00 -71.63 -12.96 0.00 -70.67 -18.19 -4.26 -0.00 -0.00 -4.26 -0.00