1 -50.00 -10.00 0.00 -30.12 -9.92 15.00 -50.00 -10.00 0.00 -50.00 -10.00 0.00 -64.76 -16.25 0.00 -0.00 -0.00 -0.00 -0.00
2 -50.00 -10.00 0.00 30.00 -9.46 15.00 -50.00 -10.00 0.00 -50.00 -10.00 0.00 -64.57 -16.25 0.00 -0.00 -0.00 -0.00 -0.00
3 -50.00 -10.00 0.00 -50.00 -7.46 15.00 -50.00 -10.00 0.00 -50.00 -10.00 0.00 -69.64 -16.27 -5.61 -0.00 -5.61 -0.00 -0.00
4 -50.00 -10.00 0.00 -33.65 -7.44 15.00 -50.00 -10.00 0.00 -50.00 -10.00 0.00 -75.76 -16.32 -9.53 -0.00 -9.53 -0.00 -0.00
5 -50.00 -10.00 0.00 30.00 -7.15 15.00 -50.00 -10.00 0.00 -50.00 -10.00 0.00 -79.34 -16.39 -12.15 -0.00 -12.15 -0.00 -0.00
6 -50.00 -10.00 0.00 -50.00 -5.15 15.00 -50.00 -10.00 0.00 -50.00 -10.00 0.00 -75.27 -16.44 -5.61 -0.00 -5.61 -0.00 -0.00
7 -50.00 -10.00 0.00 -36.80 -5.19 15.00 -50.00 -10.00 0.00 -50.00 -10.00 0.00 -77.33 -16.50 -9.53 -0.00 -9.53 -0.00 -0.00
8 -50.00 -10.00 0.00 13.78 -5.03 15.00 -50.00 -10.00 0.00 -50.00 -10.00 0.00 -79.46 -16.57 -12.15 -0.00 -12.15 -0.00 -0.00
9 -50.00 -10.00 0.00 30.00 -1.37 15.00 -50.00 -10.00 0.00 -50.00 -10.00 0.00 -80.72 -16.64 -13.76 -0.00 -13.76 -0.00 -0.00
10 -50.00 -10.00 0.00 -50.00 0.63 15.00 -50.00 -10.00 0.00 -50.00 -10.00 0.00 -75.27 -16.68 -5.61 -0.00 -5.61 -0.00 -0.00
11 -50.00 -10.00 0.00 -44.44 0.44 15.00 -50.00 -10.00 0.00 -50.00 -10.00 0.00 -77.15 -16.74 -9.53 -0.00 -9.53 -0.00 -0.00
12 -50.00 -10.00 0.00 -28.35 0.32 15.00 -50.00 -10.00 0.00 -50.00 -10.00 0.00 -79.28 -16.80 -12.15 -0.00 -12.15 -0.00 -0.00
13 -50.00 -10.00 0.00 30.00 0.54 15.00 -50.00 -10.00 0.00 -50.00 -10.00 0.00 -80.55 -16.86 -13.76 -0.00 -13.76 -0.00 -0.00
14 -50.00 -10.00 0.00 -50.00 2.54 15.00 -50.00 -10.00 0.00 -50.00 -10.00 0.00 -75.09 -16.90 -5.61 -0.00 -5.61 -0.00 -0.00
15 -50.00 -10.00 0.00 -46.90 2.30 15.00 -50.00 -10.00 0.00 -50.00 -10.00 0.00 -76.96 -16.95 -9.53 -0.00 -9.53 -0.00 -0.00
16 -50.00 -10.00 0.00 -38.60 2.10 15.00 -50.00 -10.00 0.00 -50.00 -10.00 0.00 -79.10 -17.01 -12.15 -0.00 -12.15 -0.00 -0.00
17 -50.00 -10.00 0.00 -7.87 2.03 15.00 -50.00 -10.00 0.00 -50.00 -10.00 0.00 -80.40 -17.07 -13.76 -0.00 -13.76 -0.00 -0.00
18 -50.00 -10.00 0.00 30.00 3.20 15.00 -50.00 -10.00 0.00 -50.00 -10.00 0.00 -81.02 -17.13 -14.61 -0.00 -14.61 -0.00 -0.00
19 -50.00 -10.00 0.00 -50.00 5.20 15.00 -50.00 -10.00 0.00 -50.00 -10.00 0.00 -74.96 -17.16 -5.61 -0.00 -5.61 -0.00 -0.00
20 -50.00 -10.00 0.00 -50.25 4.89 15.00 -50.00 -10.00 0.00 -50.00 -10.00 0.00 -76.74 -17.20 -9.53 -0.00 -9.53 -0.00 -0.00
21 -50.00 -10.00 0.00 -50.43 4.60 15.00 -50.00 -10.00 0.00 -50.00 -10.00 0.00 -78.90 -17.25 -12.15 -0.00 -12.15 -0.00 -0.00
22 -50.00 -10.00 0.00 -50.44 4.30 15.00 -50.00 -10.00 0.00 -50.00 -10.00 0.00 -80.22 -17.31 -13.76 -0.00 -13.76 -0.00 -0.00
23 -50.00 -10.00 0.00 -50.12 4.02 15.00 -50.00 -10.00 0.00 -50.00 -10.00 0.00 -80.85 -17.37 -14.61 -0.00 -14.61 -0.00 -0.00
24 -50.00 -10.00 0.00 -49.03 3.74 15.00 -50.00 -10.00 0.00 -50.00 -10.00 0.00 -81.04 -17.43 -14.89 -0.00 -14.89 -0.00 -0.00
25 -50.00 -10.00 0.00 -46.12 3.48 15.00 -50.00 -10.00 0.00 -50.00 -10.00 0.00 -80.94 -17.48 -14.76 -0.00 -14.76 -0.00 -0.00
26 -50.00 -10.00 0.00 -37.98 3.26 15.00 -50.00 -10.00 0.00 -50.00 -10.00 0.00 -80.62 -17.54 -14.33 -0.00 -14.33 -0.00 -0.00
27 -50.00 -10.00 0.00 -6.96 3.16 15.00 -50.00 -10.00 0.00 -50.00 -10.00 0.00 -80.16 -17.59 -13.70 -0.00 -13.70 -0.00 -0.00
28 -50.00 -10.00 0.00 30.00 4.36 15.00 -50.00 -10.00 0.00 -50.00 -10.00 0.00 -79.58 -17.63 -12.93 -0.00 -12.93 -0.00 -0.00
29 -50.00 -10.00 0.00 -50.00 6.36 15.00 -50.00 -10.00 0.00 -50.00 -10.00 0.00 -74.40 -17.65 -5.61 -0.00 -5.61 -0.00 -0.00
30 -50.00 -10.00 0.00 -51.69 6.03 15.00 -50.00 -10.00 0.00 -50.00 -10.00 0.00 -76.25 -17.68 -9.53 -0.00 -9.53 -0.00 -0.00
31 -50.00 -10.00 0.00 -54.83 5.69 15.00 -50.00 -10.00 0.00 -50.00 -10.00 0.00 -78.49 -17.72 -12.15 -0.00 -12.15 -0.00 -0.00
32 -50.00 -10.00 0.00 -60.01 5.33 15.00 -50.00 -10.00 0.00 -50.00 -10.00 0.00 -79.87 -17.76 -13.76 -0.00 -13.76 -0.00 -0.00
33 -50.00 -10.00 0.00 -66.46 4.96 15.00 -50.00 -10.00 0.00 -50.00 -10.00 0.00 -80.53 -17.81 -14.61 -0.00 -14.61 -0.00 -0.00
34 -50.00 -10.00 0.00 -71.44 4.58 15.00 -50.00 -10.00 0.00 -50.00 -10.00 0.00 -80.74 -17.86 -14.89 -0.00 -14.89 -0.00 -0.00
35 -50.00 -10.00 0.00 -73.57 4.19 15.00 -50.00 -10.00 0.00 -50.00 -10.00 0.00 -80.64 -17.90 -14.76 -0.00 -14.76 -0.00 -0.00
36 -50.00 -10.00 0.00 -73.99 3.81 15.00 -50.00 -10.00 0.00 -50.00 -10.00 0.00 -80.33 -17.95 -14.33 -0.00 -14.33 -0.00 -0.00
37 -50.00 -10.00 0.00 -73.82 3.44 15.00 -50.00 -10.00 0.00 -50.00 -10.00 0.00 -79.86 -17.99 -13.70 -0.00 -13.70 -0.00 -0.00
38 -50.00 -10.00 0.00 -73.48 3.08 15.00 -50.00 -10.00 0.00 -50.00 -10.00 0.00 -79.29 -18.02 -12.93 -0.00 -12.93 -0.00 -0.00
39 -50.00 -10.00 0.00 -73.09 2.72 15.00 -50.00 -10.00 0.00 -50.00 -10.00 0.00 -78.64 -18.06 -12.08 -0.00 -12.08 -0.00 -0.00
40 -50.00 -10.00 0.00 -72.68 2.38 15.00 -50.00 -10.00 0.00 -50.00 -10.00 0.00 -77.94 -18.09 -11.20 -0.00 -11.20 -0.00 -0.00
41 -50.00 -10.00 0.00 -72.27 2.04 15.00 -50.00 -10.00 0.00 -50.00 -10.00 0.00 -77.19 -18.11 -10.30 -0.00 -10.30 -0.00 -0.00
42 -50.00 -10.00 0.00 -71.84 1.71 15.00 -50.00 -10.00 0.00 -50.00 -10.00 0.00 -76.43 -18.13 -9.43 -0.00 -9.43 -0.00 -0.00
43 -50.00 -10.00 0.00 -71.41 1.39 15.00 -50.00 -10.00 0.00 -50.00 -10.00 0.00 -75.66 -18.15 -8.58 -0.00 -8.58 -0.00 -0.00
44 -50.00 -10.00 0.00 -70.97 1.08 15.00 -50.00 -10.00 0.00 -50.00 -10.00 0.00 -74.88 -18.16 -7.77 -0.00 -7.77 -0.00 -0.00
45 -50.00 -10.00 0.00 -70.52 0.78 15.00 -50.00 -10.00 0.00 -50.00 -10.00 0.00 -74.11 -18.16 -7.02 -0.00 -7.02 -0.00 -0.00
46 -50.00 -10.00 0.00 -70.06 0.48 15.00 -50.00 -10.00 0.00 -50.00 -10.00 0.00 -73.34 -18.17 -6.31 -0.00 -6.31 -0.00 -0.00
47 -50.00 -10.00 0.00 -69.59 0.19 15.00 -50.00 -10.00 0.00 -50.00 -10.00 0.00 -72.59 -18.17 -5.66 -0.00 -5.66 -0.00 -0.00
48 -50.00 -10.00 0.00 -69.10 -0.09 15.00 -50.00 -10.00 0.00 -50.00 -10.00 0.00 -71.84 -18.16 -5.06 -0.00 -5.06 -0.00 -0.00
49 -50.00 -10.00 0.00 -68.60 -0.36 15.00 -50.00 -10.00 0.00 -50.00 -10.00 0.00 -71.11 -18.16 -4.51 -0.00 -4.51 -0.00 -0.00
50 -50.00 -10.00 0.00 -68.07 -0.62 15.00 -50.00 -10.00 0.00 -50.00 -10.00 0.00 -70.40 -18.14 -4.02 -0.00 -4.02 -0.00 -0.00
51 -50.00 -10.00 0.00 -67.52 -0.88 15.00 -50.00 -10.00 0.00 -50.00 -10.00 0.00 -69.71 -18.13 -3.57 -0.00 -3.57 -0.00 -0.00
52 -50.00 -10.00 0.00 -66.94 -1.13 15.00 -50.00 -10.00 0.00 -50.00 -10.00 0.00 -69.02 -18.11 -3.16 -0.00 -3.16 -0.00 -0.00
53 -50.00 -10.00 0.00 -66.33 -1.38 15.00 -50.00 -10.00 0.00 -50.00 -10.00 0.00 -68.35 -18.09 -2.80 -0.00 -2.80 -0.00 -0.00
54 -50.00 -10.00 0.00 -65.67 -1.61 15.00 -50.00 -10.00 0.00 -50.00 -10.00 0.00 -67.70 -18.07 -2.47 -0.00 -2.47 -0.00 -0.00
55 -50.00 -10.00 0.00 -64.95 -1.84 15.00 -50.00 -10.00 0.00 -50.00 -10.00 0.00 -67.05 -18.04 -2.18 -0.00 -2.18 -0.00 -0.00
56 -50.00 -10.00 0.00 -64.16 -2.06 15.00 -50.00 -10.00 0.00 -50.00 -10.00 0.00 -66.41 -18.01 -1.92 -0.00 -1.92 -0.00 -0.00
57 -50.00 -10.00 0.00 -63.27 -2.27 15.00 -50.00 -10.00 0.00 -50.00 -10.00 0.00 -65.78 -17.98 -1.69 -0.00 -1.69 -0.00 -0.00
58 -50.00 -10.00 0.00 -62.24 -2.47 15.00 -50.00 -10.00 0.00 -50.00 -10.00 0.00 -65.14 -17.95 -1.49 -0.00 -1.49 -0.00 -0.00
59 -50.00 -10.00 0.00 -61.00 -2.67 15.00 -50.00 -10.00 0.00 -50.00 -10.00 0.00 -64.50 -17.91 -1.30 -0.00 -1.30 -0.00 -0.00
60 -50.00 -10.00 0.00 -59.43 -2.85 15.00 -50.00 -10.00 0.00 -50.00 -10.00 0.00 -63.85 -17.87 -1.14 -0.00 -1.14 -0.00 -0.00
61 -50.00 -10.00 0.00 -57.31 -3.02 15.00 -50.00 -10.00 0.00 -50.00 -10.00 0.00 -63.17 -17.83 -1.00 -0.00 -1.00 -0.00 -0.00
62 -50.00 -10.00 0.00 -54.13 -3.18 15.00 -50.00 -10.00 0.00 -50.00 -10.00 0.00 -62.46 -17.79 -0.88 -0.00 -0.88 -0.00 -0.00
63 -50.00 -10.00 0.00 -48.48 -3.31 15.00 -50.00 -10.00 0.00 -50.00 -10.00 0.00 -61.68 -17.74 -0.77 -0.00 -0.77 -0.00 -0.00
64 -50.00 -10.00 0.00 -35.29 -3.39 15.00 -50.00 -10.00 0.00 -50.00 -10.00 0.00 -60.82 -17.69 -0.67 -0.00 -0.67 -0.00 -0.00
65 -50.00 -10.00 0.00 18.76 -3.24 15.00 -50.00 -10.00 0.00 -50.00 -10.00 0.00 -59.82 -17.63 -0.59 -0.00 -0.59 -0.00 -0.00
66 -50.00 -10.00 0.00 30.00 1.11 15.00 -50.00 -10.00 0.00 -50.00 -10.00 0.00 -58.58 -17.57 -0.51 -0.00 -0.51 -0.00 -0.00
67 -50.00 -10.00 0.00 -50.00 3.11 15.00 -50.00 -10.00 0.00 -50.00 -10.00 0.00 -62.48 -17.54 -5.61 -0.00 -5.61 -0.00 -0.00
68 -50.00 -10.00 0.00 -47.62 2.86 15.00 -50.00 -10.00 0.00 -50.00 -10.00 0.00 -70.39 -17.54 -9.53 -0.00 -9.53 -0.00 -0.00
69 -50.00 -10.00 0.00 -41.33 2.63 15.00 -50.00 -10.00 0.00 -50.00 -10.00 0.00 -77.09 -17.57 -12.15 -0.00 -12.15 -0.00 -0.00
70 -50.00 -10.00 0.00 -20.37 2.50 15.00 -50.00 -10.00 0.00 -50.00 -10.00 0.00 -79.79 -17.62 -13.76 -0.00 -13.76 -0.00 -0.00
71 -50.00 -10.00 0.00 30.00 2.95 15.00 -50.00 -10.00 0.00 -50.00 -10.00 0.00 -80.62 -17.67 -14.61 -0.00 -14.61 -0.00 -0.00
72 -50.00 -10.00 0.00 -50.00 4.95 15.00 -50.00 -10.00 0.00 -50.00 -10.00 0.00 -74.52 -17.69 -5.61 -0.00 -5.61 -0.00 -0.00
73 -50.00 -10.00 0.00 -49.94 4.65 15.00 -50.00 -10.00 0.00 -50.00 -10.00 0.00 -76.25 -17.72 -9.53 -0.00 -9.53 -0.00 -0.00
74 -50.00 -10.00 0.00 -49.44 4.36 15.00 -50.00 -10.00 0.00 -50.00 -10.00 0.00 -78.46 -17.75 -12.15 -0.00 -12.15 -0.00 -0.00
75 -50.00 -10.00 0.00 -47.90 4.08 15.00 -50.00 -10.00 0.00 -50.00 -10.00 0.00 -79.84 -17.80 -13.76 -0.00 -13.76 -0.00 -0.00
76 -50.00 -10.00 0.00 -43.72 3.83 15.00 -50.00 -10.00 0.00 -50.00 -10.00 0.00 -80.51 -17.85 -14.61 -0.00 -14.61 -0.00 -0.00
77 -50.00 -10.00 0.00 -30.89 3.63 15.00 -50.00 -10.00 0.00 -50.00 -10.00 0.00 -80.72 -17.89 -14.89 -0.00 -14.89 -0.00 -0.00
78 -50.00 -10.00 0.00 30.00 3.69 15.00 -50.00 -10.00 0.00 -50.00 -10.00 0.00 -80.62 -17.94 -14.76 -0.00 -14.76 -0.00 -0.00
79 -50.00 -10.00 0.00 -50.00 5.69 15.00 -50.00 -10.00 0.00 -50.00 -10.00 0.00 -74.32 -17.95 -5.61 -0.00 -5.61 -0.00 -0.00
80 -50.00 -10.00 0.00 -50.85 5.37 15.00 -50.00 -10.00 0.00 -50.00 -10.00 0.00 -76.01 -17.97 -9.53 -0.00 -9.53 -0.00 -0.00
81 -50.00 -10.00 0.00 -52.32 5.05 15.00 -50.00 -10.00 0.00 -50.00 -10.00 0.00 -78.24 -18.00 -12.15 -0.00 -12.15 -0.00 -0.00
82 -50.00 -10.00 0.00 -54.89 4.73 15.00 -50.00 -10.00 0.00 -50.00 -10.00 0.00 -79.65 -18.04 -13.76 -0.00 -13.76 -0.00 -0.00
83 -50.00 -10.00 0.00 -59.05 4.40 15.00 -50.00 -10.00 0.00 -50.00 -10.00 0.00 -80.34 -18.08 -14.61 -0.00 -14.61 -0.00 -0.00
84 -50.00 -10.00 0.00 -64.45 4.05 15.00 -50.00 -10.00 0.00 -50.00 -10.00 0.00 -80.55 -18.12 -14.89 -0.00 -14.89 -0.00 -0.00
85 -50.00 -10.00 0.00 -69.27 3.70 15.00 -50.00 -10.00 0.00 -50.00 -10.00 0.00 -80.46 -18.16 -14.76 -0.00 -14.76 -0.00 -0.00
86 -50.00 -10.00 0.00 -71.91 3.33 15.00 -50.00 -10.00 0.00 -50.00 -10.00 0.00 -80.15 -18.20 -14.33 -0.00 -14.33 -0.00 -0.00
87 -50.00 -10.00 0.00 -72.75 2.98 15.00 -50.00 -10.00 0.00 -50.00 -10.00 0.00 -79.68 -18.23 -13.70 -0.00 -13.70 -0.00 -0.00
88 -50.00 -10.00 0.00 -72.77 2.63 15.00 -50.00 -10.00 0.00 -50.00 -10.00 0.00 -79.11 -18.27 -12.93 -0.00 -12.93 -0.00 -0.00
89 -50.00 -10.00 0.00 -72.50 2.28 15.00 -50.00 -10.00 0.00 -50.00 -10.00 0.00 -78.46 -18.29 -12.08 -0.00 -12.08 -0.00 -0.00
90 -50.00 -10.00 0.00 -72.13 1.95 15.00 -50.00 -10.00 0.00 -50.00 -10.00 0.00 -77.75 -18.32 -11.20 -0.00 -11.20 -0.00 -0.00
91 -50.00 -10.00 0.00 -71.72 1.62 15.00 -50.00 -10.00 0.00 -50.00 -10.00 0.00 -77.00 -18.33 -10.30 -0.00 -10.30 -0.00 -0.00
92 -50.00 -10.00 0.00 -71.29 1.31 15.00 -50.00 -10.00 0.00 -50.00 -10.00 0.00 -76.24 -18.35 -9.43 -0.00 -9.43 -0.00 -0.00
93 -50.00 -10.00 0.00 -70.85 1.00 15.00 -50.00 -10.00 0.00 -50.00 -10.00 0.00 -75.46 -18.36 -8.58 -0.00 -8.58 -0.00 -0.00
94 -50.00 -10.00 0.00 -70.40 0.70 15.00 -50.00 -10.00 0.00 -50.00 -10.00 0.00 -74.67 -18.37 -7.77 -0.00 -7.77 -0.00 -0.00
95 -50.00 -10.00 0.00 -69.93 0.40 15.00 -50.00 -10.00 0.00 -50.00 -10.00 0.00 -73.89 -18.37 -7.02 -0.00 -7.02 -0.00 -0.00
96 -50.00 -10.00 0.00 -69.46 0.12 15.00 -50.00 -10.00 0.00 -50.00 -10.00 0.00 -73.12 -18.37 -6.31 -0.00 -6.31 -0.00 -0.00
97 -50.00 -10.00 0.00 -68.96 -0.16 15.00 -50.00 -10.00 0.00 -50.00 -10.00 0.00 -72.35 -18.36 -5.66 -0.00 -5.66 -0.00 -0.00
98 -50.00 -10.00 0.00 -68.45 -0.43 15.00 -50.00 -10.00 0.00 -50.00 -10.00 0.00 -71.60 -18.35 -5.06 -0.00 -5.06 -0.00 -0.00
99 -50.00 -10.00 0.00 -67.92 -0.70 15.00 -50.00 -10.00 0.00 -50.00 -10.00 0.00 -70.86 -18.34 -4.51 -0.00 -4.51 -0.00 -0.00
100 -50.00 -10.00 0.00 -67.37 -0.95 15.00 -50.00 -10.00 0.00 -50.00 -10.00 0.00 -70.14 -18.32 -4.02 -0.00 -4.02 -0.00 -0.00
101 -30.12 -9.92 15.00 -79.29 -1.25 0.00 -50.00 -10.00 0.00 -50.00 -10.00 0.00 -69.42 -18.30 -3.57 -0.00 -3.57 -0.00 -0.00
102 30.00 -9.46 15.00 -81.69 -1.55 0.00 -50.00 -10.00 0.00 -50.00 -10.00 0.00 -68.73 -18.28 -3.16 -0.00 -3.16 -0.00 -0.00
103 -50.00 -7.46 15.00 -81.67 -1.85 0.00 -50.00 -10.00 0.00 -50.00 -10.00 0.00 -72.42 -18.28 -7.91 -5.11 -2.80 -0.00 -0.00
104 -33.65 -7.44 15.00 -81.49 -2.14 0.00 -50.00 -10.00 0.00 -50.00 -10.00 0.00 -76.49 -18.29 -11.21 -8.74 -2.47 -0.00 -0.00
105 30.00 -7.15 15.00 -81.30 -2.42 0.00 -50.00 -10.00 0.00 -50.00 -10.00 0.00 -78.97 -18.32 -13.40 -11.22 -2.18 -0.00 -0.00
106 -50.00 -5.15 15.00 -81.11 -2.69 0.00 -50.00 -10.00 0.00 -50.00 -10.00 0.00 -74.84 -18.33 -7.03 -5.11 -1.92 -0.00 -0.00
107 -36.80 -5.19 15.00 -80.92 -2.96 0.00 -50.00 -10.00 0.00 -50.00 -10.00 0.00 -76.52 -18.35 -10.43 -8.74 -1.69 -0.00 -0.00
108 13.78 -5.03 15.00 -80.74 -3.23 0.00 -50.00 -10.00 0.00 -50.00 -10.00 0.00 -78.46 -18.37 -12.70 -11.22 -1.49 -0.00 -0.00
109 30.00 -1.37 15.00 -80.56 -3.49 0.00 -50.00 -10.00 0.00 -50.00 -10.00 0.00 -79.66 -18.40 -14.10 -12.80 -1.30 -0.00 -0.00
110 -50.00 0.63 15.00 -80.38 -3.74 0.00 -50.00 -10.00 0.00 -50.00 -10.00 0.00 -74.32 -18.41 -6.25 -5.11 -1.14 -0.00 -0.00
111 -44.44 0.44 15.00 -80.20 -3.98 0.00 -50.00 -10.00 0.00 -50.00 -10.00 0.00 -75.83 -18.42 -9.74 -8.74 -1.00 -0.00 -0.00
112 -28.35 0.32 15.00 -80.03 -4.22 0.00 -50.00 -10.00 0.00 -50.00 -10.00 0.00 -77.86 -18.44 -12.09 -11.22 -0.88 -0.00 -0.00
113 30.00 0.54 15.00 -79.86 -4.46 0.00 -50.00 -10.00 0.00 -50.00 -10.00 0.00 -79.18 -18.47 -13.56 -12.80 -0.77 -0.00 -0.00
114 -50.00 2.54 15.00 -79.69 -4.69 0.00 -50.00 -10.00 0.00 -50.00 -10.00 0.00 -73.85 -18.47 -5.78 -5.11 -0.67 -0.00 -0.00
115 -46.90 2.30 15.00 -79.52 -4.91 0.00 -50.00 -10.00 0.00 -50.00 -10.00 0.00 -75.34 -18.47 -9.33 -8.74 -0.59 -0.00 -0.00
116 -38.60 2.10 15.00 -79.35 -5.13 0.00 -50.00 -10.00 0.00 -50.00 -10.00 0.00 -77.46 -18.49 -11.73 -11.22 -0.51 -0.00 -0.00
117 -7.87 2.03 15.00 -79.19 -5.35 0.00 -50.00 -10.00 0.00 -50.00 -10.00 0.00 -78.87 -18.52 -13.24 -12.80 -0.45 -0.00 -0.00
118 30.00 3.20 15.00 -79.03 -5.56 0.00 -50.00 -10.00 0.00 -50.00 -10.00 0.00 -79.60 -18.54 -14.07 -13.68 -0.39 -0.00 -0.00
119 -50.00 5.20 15.00 -78.87 -5.76 0.00 -50.00 -10.00 0.00 -50.00 -10.00 0.00 -73.61 -18.54 -5.45 -5.11 -0.34 -0.00 -0.00
120 -50.25 4.89 15.00 -78.72 -5.96 0.00 -50.00 -10.00 0.00 -50.00 -10.00 0.00 -75.00 -18.54 -9.03 -8.74 -0.29 -0.00 -0.00
121 -50.43 4.60 15.00 -78.56 -6.15 0.00 -50.00 -10.00 0.00 -50.00 -10.00 0.00 -77.15 -18.56 -11.47 -11.22 -0.26 -0.00 -0.00
122 -50.44 4.30 15.00 -78.41 -6.34 0.00 -50.00 -10.00 0.00 -50.00 -10.00 0.00 -78.63 -18.58 -13.02 -12.80 -0.22 -0.00 -0.00
123 -50.12 4.02 15.00 -78.26 -6.53 0.00 -50.00 -10.00 0.00 -50.00 -10.00 0.00 -79.40 -18.61 -13.88 -13.68 -0.19 -0.00 -0.00
124 -49.03 3.74 15.00 -78.11 -6.71 0.00 -50.00 -10.00 0.00 -50.00 -10.00 0.00 -79.69 -18.63 -14.22 -14.05 -0.17 -0.00 -0.00
125 -46.12 3.48 15.00 -77.97 -6.89 0.00 -50.00 -10.00 0.00 -50.00 -10.00 0.00 -79.67 -18.66 -14.17 -14.02 -0.15 -0.00 -0.00
126 -37.98 3.26 15.00 -77.82 -7.06 0.00 -50.00 -10.00 0.00 -50.00 -10.00 0.00 -79.43 -18.68 -13.84 -13.71 -0.13 -0.00 -0.00
127 -6.96 3.16 15.00 -77.68 -7.23 0.00 -50.00 -10.00 0.00 -50.00 -10.00 0.00 -79.04 -18.70 -13.31 -13.20 -0.11 -0.00 -0.00
128 30.00 4.36 15.00 -77.54 -7.40 0.00 -50.00 -10.00 0.00 -50.00 -10.00 0.00 -78.53 -18.72 -12.64 -12.55 -0.09 -0.00 -0.00
129 -50.00 6.36 15.00 -77.40 -7.56 0.00 -50.00 -10.00 0.00 -50.00 -10.00 0.00 -73.11 -18.71 -5.19 -5.11 -0.08 -0.00 -0.00
130 -51.69 6.03 15.00 -77.27 -7.72 0.00 -50.00 -10.00 0.00 -50.00 -10.00 0.00 -74.55 -18.71 -8.81 -8.74 -0.07 -0.00 -0.00
131 -54.83 5.69 15.00 -77.13 -7.87 0.00 -50.00 -10.00 0.00 -50.00 -10.00 0.00 -76.79 -18.72 -11.28 -11.22 -0.06 -0.00 -0.00
132 -60.01 5.33 15.00 -77.00 -8.02 0.00 -50.00 -10.00 0.00 -50.00 -10.00 0.00 -78.34 -18.74 -12.85 -12.80 -0.05 -0.00 -0.00
133 -66.46 4.96 15.00 -76.87 -8.17 0.00 -50.00 -10.00 0.00 -50.00 -10.00 0.00 -79.16 -18.76 -13.73 -13.68 -0.05 -0.00 -0.00
134 -71.44 4.58 15.00 -76.74 -8.31 0.00 -50.00 -10.00 0.00 -50.00 -10.00 0.00 -79.48 -18.78 -14.09 -14.05 -0.04 -0.00 -0.00
135 -73.57 4.19 15.00 -76.62 -8.45 0.00 -50.00 -10.00 0.00 -50.00 -10.00 0.00 -79.48 -18.80 -14.06 -14.02 -0.03 -0.00 -0.00
136 -73.99 3.81 15.00 -76.49 -8.59 0.00 -50.00 -10.00 0.00 -50.00 -10.00 0.00 -79.25 -18.82 -13.74 -13.71 -0.03 -0.00 -0.00
137 -73.82 3.44 15.00 -76.37 -8.72 0.00 -50.00 -10.00 0.00 -50.00 -10.00 0.00 -78.87 -18.84 -13.23 -13.20 -0.03 -0.00 -0.00
138 -73.48 3.08 15.00 -76.25 -8.85 0.00 -50.00 -10.00 0.00 -50.00 -10.00 0.00 -78.37 -18.86 -12.57 -12.55 -0.02 -0.00 -0.00
139 -73.09 2.72 15.00 -76.13 -8.98 0.00 -50.00 -10.00 0.00 -50.00 -10.00 0.00 -77.78 -18.87 -11.83 -11.81 -0.02 -0.00 -0.00
140 -72.68 2.38 15.00 -76.01 -9.11 0.00 -50.00 -10.00 0.00 -50.00 -10.00 0.00 -77.14 -18.88 -11.04 -11.02 -0.02 -0.00 -0.00
141 -72.27 2.04 15.00 -75.89 -9.23 0.00 -50.00 -10.00 0.00 -50.00 -10.00 0.00 -76.45 -18.88 -10.23 -10.22 -0.01 -0.00 -0.00
142 -71.84 1.71 15.00 -75.78 -9.35 0.00 -50.00 -10.00 0.00 -50.00 -10.00 0.00 -75.73 -18.88 -9.43 -9.41 -0.01 -0.00 -0.00
143 -71.41 1.39 15.00 -75.67 -9.46 0.00 -50.00 -10.00 0.00 -50.00 -10.00 0.00 -74.99 -18.88 -8.64 -8.63 -0.01 -0.00 -0.00
144 -70.97 1.08 15.00 -75.56 -9.58 0.00 -50.00 -10.00 0.00 -50.00 -10.00 0.00 -74.25 -18.87 -7.88 -7.88 -0.01 -0.00 -0.00
145 -70.52 0.78 15.00 -75.45 -9.69 0.00 -50.00 -10.00 0.00 -50.00 -10.00 0.00 -73.50 -18.86 -7.17 -7.16 -0.01 -0.00 -0.00
146 -70.06 0.48 15.00 -75.34 -9.79 0.00 -50.00 -10.00 0.00 -50.00 -10.00 0.00 -72.74 -18.85 -6.49 -6.49 -0.01 -0.00 -0.00
147 -69.59 0.19 15.00 -75.24 -9.90 0.00 -50.00 -10.00 0.00 -50.00 -10.00 0.00 -72.00 -18.83 -5.86 -5.86 -0.01 -0.00 -0.00
148 -69.10 -0.09 15.00 -75.13 -10.00 0.00 -50.00 -10.00 0.00 -50.00 -10.00 0.00 -71.25 -18.81 -5.28 -5.27 -0.01 -0.00 -0.00
149 -68.60 -0.36 15.00 -75.03 -10.10 0.00 -50.00 -10.00 0.00 -50.00 -10.00 0.00 -70.52 -18.79 -4.74 -4.74 -0.00 -0.00 -0.00
150 -68.07 -0.62 15.00 -74.93 -10.20 0.00 -50.00 -10.00 0.00 -50.00 -10.00 0.00 -69.79 -18.76 -4.25 -4.25 -0.00 -0.00 -0.00
151 -67.52 -0.88 15.00 -74.83 -10.29 0.00 -50.00 -10.00 0.00 -50.00 -10.00 0.00 -69.07 -18.73 -3.80 -3.80 -0.00 -0.00 -0.00
152 -66.94 -1.13 15.00 -74.74 -10.39 0.00 -50.00 -10.00 0.00 -50.00 -10.00 0.00 -68.36 -18.70 -3.39 -3.39 -0.00 -0.00 -0.00
153 -66.33 -1.38 15.00 -74.64 -10.48 0.00 -50.00 -10.00 0.00 -50.00 -10.00 0.00 -67.65 -18.66 -3.03 -3.02 -0.00 -0.00 -0.00
154 -65.67 -1.61 15.00 -74.55 -10.57 0.00 -50.00 -10.00 0.00 -50.00 -10.00 0.00 -66.95 -18.63 -2.69 -2.69 -0.00 -0.00 -0.00
155 -64.95 -1.84 15.00 -74.45 -10.65 0.00 -50.00 -10.00 0.00 -50.00 -10.00 0.00 -66.24 -18.58 -2.39 -2.39 -0.00 -0.00 -0.00
156 -64.16 -2.06 15.00 -74.36 -10.74 0.00 -50.00 -10.00 0.00 -50.00 -10.00 0.00 -65.52 -18.54 -2.12 -2.12 -0.00 -0.00 -0.00
157 -63.27 -2.27 15.00 -74.27 -10.82 0.00 -50.00 -10.00 0.00 -50.00 -10.00 0.00 -64.79 -18.49 -1.88 -1.88 -0.00 -0.00 -0.00
158 -62.24 -2.47 15.00 -74.19 -10.90 0.00 -50.00 -10.00 0.00 -50.00 -10.00 0.00 -64.04 -18.44 -1.66 -1.66 -0.00 -0.00 -0.00
159 -61.00 -2.67 15.00 -74.10 -10.98 0.00 -50.00 -10.00 0.00 -50.00 -10.00 0.00 -63.24 -18.39 -1.47 -1.47 -0.00 -0.00 -0.00
160 -59.43 -2.85 15.00 -74.01 -11.06 0.00 -50.00 -10.00 0.00 -50.00 -10.00 0.00 -62.39 -18.33 -1.30 -1.30 -0.00 -0.00 -0.00
161 -57.31 -3.02 15.00 -73.93 -11.13 0.00 -50.00 -10.00 0.00 -50.00 -10.00 0.00 -61.44 -18.28 -1.15 -1.15 -0.00 -0.00 -0.00
162 -54.13 -3.18 15.00 -73.85 -11.20 0.00 -50.00 -10.00 0.00 -50.00 -10.00 0.00 -60.35 -18.21 -1.01 -1.01 -0.00 -0.00 -0.00
163 -48.48 -3.31 15.00 -73.77 -11.27 0.00 -50.00 -10.00 0.00 -50.00 -10.00 0.00 -59.04 -18.14 -0.89 -0.89 -0.00 -0.00 -0.00
164 -35.29 -3.39 15.00 -73.69 -11.34 0.00 -50.00 -10.00 0.00 -50.00 -10.00 0.00 -57.32 -18.07 -0.78 -0.78 -0.00 -0.00 -0.00
165 18.76 -3.24 15.00 -73.61 -11.41 0.00 -50.00 -10.00 0.00 -50.00 -10.00 0.00 -54.87 -17.98 -0.69 -0.69 -0.00 -0.00 -0.00
166 30.00 1.11 15.00 -73.53 -11.48 0.00 -50.00 -10.00 0.00 -50.00 -10.00 0.00 -50.83 -17.87 -0.61 -0.60 -0.00 -0.00 -0.00
167 -50.00 3.11 15.00 -73.46 -11.54 0.00 -50.00 -10.00 0.00 -50.00 -10.00 0.00 -48.40 -17.76 -5.11 -5.11 -0.00 -0.00 -0.00
168 -47.62 2.86 15.00 -73.38 -11.60 0.00 -50.00 -10.00 0.00 -50.00 -10.00 0.00 -47.46 -17.64 -8.74 -8.74 -0.00 -0.00 -0.00
169 -41.33 2.63 15.00 -73.31 -11.66 0.00 -50.00 -10.00 0.00 -50.00 -10.00 0.00 -48.48 -17.53 -11.22 -11.22 -0.00 -0.00 -0.00
170 -20.37 2.50 15.00 -73.24 -11.72 0.00 -50.00 -10.00 0.00 -50.00 -10.00 0.00 -53.09 -17.45 -12.80 -12.80 -0.00 -0.00 -0.00
171 30.00 2.95 15.00 -73.17 -11.78 0.00 -50.00 -10.00 0.00 -50.00 -10.00 0.00 -63.33 -17.41 -13.68 -13.68 -0.00 -0.00 -0.00
172 -50.00 4.95 15.00 -73.10 -11.84 0.00 -50.00 -10.00 0.00 -50.00 -10.00 0.00 -67.10 -17.40 -5.11 -5.11 -0.00 -0.00 -0.00
173 -49.94 4.65 15.00 -73.03 -11.89 0.00 -50.00 -10.00 0.00 -50.00 -10.00 0.00 -73.00 -17.42 -8.74 -8.74 -0.00 -0.00 -0.00
174 -49.44 4.36 15.00 -72.97 -11.95 0.00 -50.00 -10.00 0.00 -50.00 -10.00 0.00 -77.30 -17.46 -11.22 -11.22 -0.00 -0.00 -0.00
175 -47.90 4.08 15.00 -72.90 -12.00 0.00 -50.00 -10.00 0.00 -50.00 -10.00 0.00 -79.25 -17.50 -12.80 -12.80 -0.00 -0.00 -0.00
176 -43.72 3.83 15.00 -72.84 -12.05 0.00 -50.00 -10.00 0.00 -50.00 -10.00 0.00 -80.05 -17.55 -13.68 -13.68 -0.00 -0.00 -0.00
177 -30.89 3.63 15.00 -72.78 -12.10 0.00 -50.00 -10.00 0.00 -50.00 -10.00 0.00 -80.33 -17.60 -14.05 -14.05 -0.00 -0.00 -0.00
178 30.00 3.69 15.00 -72.72 -12.15 0.00 -50.00 -10.00 0.00 -50.00 -10.00 0.00 -80.30 -17.65 -14.02 -14.02 -0.00 -0.00 -0.00
179 -50.00 5.69 15.00 -72.66 -12.20 0.00 -50.00 -10.00 0.00 -50.00 -10.00 0.00 -74.12 -17.67 -5.11 -5.11 -0.00 -0.00 -0.00
180 -50.85 5.37 15.00 -72.60 -12.25 0.00 -50.00 -10.00 0.00 -50.00 -10.00 0.00 -75.58 -17.69 -8.74 -8.74 -0.00 -0.00 -0.00
181 -52.32 5.05 15.00 -72.54 -12.29 0.00 -50.00 -10.00 0.00 -50.00 -10.00 0.00 -77.70 -17.73 -11.22 -11.22 -0.00 -0.00 -0.00
182 -54.89 4.73 15.00 -72.48 -12.33 0.00 -50.00 -10.00 0.00 -50.00 -10.00 0.00 -79.12 -17.77 -12.80 -12.80 -0.00 -0.00 -0.00
183 -59.05 4.40 15.00 -72.43 -12.38 0.00 -50.00 -10.00 0.00 -50.00 -10.00 0.00 -79.86 -17.81 -13.68 -13.68 -0.00 -0.00 -0.00
184 -64.45 4.05 15.00 -72.37 -12.42 0.00 -50.00 -10.00 0.00 -50.00 -10.00 0.00 -80.14 -17.86 -14.05 -14.05 -0.00 -0.00 -0.00
185 -69.27 3.70 15.00 -72.32 -12.46 0.00 -50.00 -10.00 0.00 -50.00 -10.00 0.00 -80.12 -17.90 -14.02 -14.02 -0.00 -0.00 -0.00
186 -71.91 3.33 15.00 -72.26 -12.50 0.00 -50.00 -10.00 0.00 -50.00 -10.00 0.00 -79.89 -17.94 -13.71 -13.71 -0.00 -0.00 -0.00
187 -72.75 2.98 15.00 -72.21 -12.54 0.00 -50.00 -10.00 0.00 -50.00 -10.00 0.00 -79.50 -17.98 -13.20 -13.20 -0.00 -0.00 -0.00
188 -72.77 2.63 15.00 -72.16 -12.58 0.00 -50.00 -10.00 0.00 -50.00 -10.00 0.00 -79.01 -18.02 -12.55 -12.55 -0.00 -0.00 -0.00
189 -72.50 2.28 15.00 -72.11 -12.61 0.00 -50.00 -10.00 0.00 -50.00 -10.00 0.00 -78.43 -18.05 -11.81 -11.81 -0.00 -0.00 -0.00
190 -72.13 1.95 15.00 -72.06 -12.65 0.00 -50.00 -10.00 0.00 -50.00 -10.00 0.00 -77.79 -18.08 -11.02 -11.02 -0.00 -0.00 -0.00
191 -71.72 1.62 15.00 -72.02 -12.69 0.00 -50.00 -10.00 0.00 -50.00 -10.00 0.00 -77.12 -18.10 -10.22 -10.22 -0.00 -0.00 -0.00
192 -71.29 1.31 15.00 -71.97 -12.72 0.00 -50.00 -10.00 0.00 -50.00 -10.00 0.00 -76.42 -18.12 -9.41 -9.41 -0.00 -0.00 -0.00
193 -70.85 1.00 15.00 -71.92 -12.75 0.00 -50.00 -10.00 0.00 -50.00 -10.00 0.00 -75.70 -18.14 -8.63 -8.63 -0.00 -0.00 -0.00
194 -70.40 0.70 15.00 -71.88 -12.79 0.00 -50.00 -10.00 0.00 -50.00 -10.00 0.00 -74.97 -18.15 -7.88 -7.88 -0.00 -0.00 -0.00
195 -69.93 0.40 15.00 -71.84 -12.82 0.00 -50.00 -10.00 0.00 -50.00 -10.00 0.00 -74.24 -18.16 -7.16 -7.16 -0.00 -0.00 -0.00
196 -69.46 0.12 15.00 -71.79 -12.85 0.00 -50.00 -10.00 0.00 -50.00 -10.00 0.00 -73.52 -18.16 -6.49 -6.49 -0.00 -0.00 -0.00
197 -68.96 -0.16 15.00 -71.75 -12.88 0.00 -50.00 -10.00 0.00 -50.00 -10.00 0.00 -72.80 -18.16 -5.86 -5.86 -0.00 -0.00 -0.00
198 -68.45 -0.43 15.00 -71.71 -12.91 0.00 -50.00 -10.00 0.00 -50.00 -10.00 0.00 -72.10 -18.16 -5.27 -5.27 -0.00 -0.00 -0.00
199 -67.92 -0.70 15.00 -71.67 -12.94 0.00 -50.00 -10.00 0.00 -50.00 -10.00 0.00 -71.40 -18.15 -4.74 -4.74 -0.00 -0.00 -0.00
200 -67.37 -0.95 15.00 -71.63 -12.96 0.00 -50.00 -10.00 0.00 -50.00 -10.00 0.00 -70.72 -18.14 -4.25 -4.25 -0.00 -0.00 -0.00
201 -79.29 -1.25 0.00 -58.20 -12.94 15.00 -50.00 -10.00 0.00 -50.00 -10.00 0.00 -70.05 -18.13 -3.80 -3.80 -0.00 -0.00 -0.00
202 -81.69 -1.55 0.00 -43.93 -12.85 15.00 -50.00 -10.00 0.00 -50.00 -10.00 0.00 -69.39 -18.12 -3.39 -3.39 -0.00 -0.00 -0.00
203 -81.67 -1.85 0.00 -5.87 -12.62 15.00 -50.00 -10.00 0.00 -50.00 -10.00 0.00 -68.75 -18.10 -3.02 -3.02 -0.00 -0.00 -0.00
204 -81.49 -2.14 0.00 30.00 -10.81 15.00 -50.00 -10.00 0.00 -50.00 -10.00 0.00 -68.12 -18.08 -2.69 -2.69 -0.00 -0.00 -0.00
205 -81.30 -2.42 0.00 -50.00 -8.81 15.00 -50.00 -10.00 0.00 -50.00 -10.00 0.00 -72.36 -18.08 -8.00 -2.39 -5.61 -0.00 -0.00
206 -81.11 -2.69 0.00 -31.78 -8.76 15.00 -50.00 -10.00 0.00 -50.00 -10.00 0.00 -76.95 -18.10 -11.65 -2.12 -9.53 -0.00 -0.00
207 -80.92 -2.96 0.00 30.00 -8.38 15.00 -50.00 -10.00 0.00 -50.00 -10.00 0.00 -79.59 -18.14 -14.02 -1.88 -12.15 -0.00 -0.00
208 -80.74 -3.23 0.00 -50.00 -6.38 15.00 -50.00 -10.00 0.00 -50.00 -10.00 0.00 -75.25 -18.15 -7.27 -1.66 -5.61 -0.00 -0.00
209 -80.56 -3.49 0.00 -35.13 -6.39 15.00 -50.00 -10.00 0.00 -50.00 -10.00 0.00 -77.15 -18.17 -11.00 -1.47 -9.53 -0.00 -0.00
210 -80.38 -3.74 0.00 25.37 -6.16 15.00 -50.00 -10.00 0.00 -50.00 -10.00 0.00 -79.18 -18.20 -13.44 -1.30 -12.15 -0.00 -0.00
211 -80.20 -3.98 0.00 30.00 -0.51 15.00 -50.00 -10.00 0.00 -50.00 -10.00 0.00 -80.38 -18.24 -14.90 -1.15 -13.76 -0.00 -0.00
212 -80.03 -4.22 0.00 -50.00 1.49 15.00 -50.00 -10.00 0.00 -50.00 -10.00 0.00 -74.80 -18.25 -6.62 -1.01 -5.61 -0.00 -0.00
213 -79.86 -4.46 0.00 -45.55 1.28 15.00 -50.00 -10.00 0.00 -50.00 -10.00 0.00 -76.56 -18.27 -10.42 -0.89 -9.53 -0.00 -0.00
214 -79.69 -4.69 0.00 -33.15 1.12 15.00 -50.00 -10.00 0.00 -50.00 -10.00 0.00 -78.67 -18.30 -12.93 -0.78 -12.15 -0.00 -0.00
215 -79.52 -4.91 0.00 22.89 1.19 15.00 -50.00 -10.00 0.00 -50.00 -10.00 0.00 -79.96 -18.33 -14.45 -0.69 -13.76 -0.00 -0.00
216 -79.35 -5.13 0.00 30.00 6.06 15.00 -50.00 -10.00 0.00 -50.00 -10.00 0.00 -80.57 -18.37 -15.21 -0.60 -14.61 -0.00 -0.00
217 -79.19 -5.35 0.00 -50.00 8.06 15.00 -50.00 -10.00 0.00 -50.00 -10.00 0.00 -74.39 -18.37 -6.14 -0.53 -5.61 -0.00 -0.00
218 -79.03 -5.56 0.00 -53.78 7.69 15.00 -50.00 -10.00 0.00 -50.00 -10.00 0.00 -76.06 -18.38 -10.00 -0.47 -9.53 -0.00 -0.00
219 -78.87 -5.76 0.00 -60.54 7.29 15.00 -50.00 -10.00 0.00 -50.00 -10.00 0.00 -78.25 -18.41 -12.55 -0.41 -12.15 -0.00 -0.00
220 -78.72 -5.96 0.00 -68.90 6.87 15.00 -50.00 -10.00 0.00 -50.00 -10.00 0.00 -79.62 -18.44 -14.11 -0.36 -13.76 -0.00 -0.00
221 -78.56 -6.15 0.00 -74.34 6.44 15.00 -50.00 -10.00 0.00 -50.00 -10.00 0.00 -80.28 -18.47 -14.92 -0.31 -14.61 -0.00 -0.00
222 -78.41 -6.34 0.00 -75.91 6.00 15.00 -50.00 -10.00 0.00 -50.00 -10.00 0.00 -80.47 -18.50 -15.17 -0.27 -14.89 -0.00 -0.00
223 -78.26 -6.53 0.00 -75.95 5.58 15.00 -50.00 -10.00 0.00 -50.00 -10.00 0.00 -80.36 -18.54 -15.00 -0.24 -14.76 -0.00 -0.00
224 -78.11 -6.71 0.00 -75.65 5.17 15.00 -50.00 -10.00 0.00 -50.00 -10.00 0.00 -80.03 -18.56 -14.54 -0.21 -14.33 -0.00 -0.00
225 -77.97 -6.89 0.00 -75.28 4.76 15.00 -50.00 -10.00 0.00 -50.00 -10.00 0.00 -79.55 -18.59 -13.88 -0.18 -13.70 -0.00 -0.00
226 -77.82 -7.06 0.00 -74.89 4.37 15.00 -50.00 -10.00 0.00 -50.00 -10.00 0.00 -78.97 -18.61 -13.09 -0.16 -12.93 -0.00 -0.00
227 -77.68 -7.23 0.00 -74.49 3.98 15.00 -50.00 -10.00 0.00 -50.00 -10.00 0.00 -78.30 -18.63 -12.22 -0.14 -12.08 -0.00 -0.00
228 -77.54 -7.40 0.00 -74.09 3.60 15.00 -50.00 -10.00 0.00 -50.00 -10.00 0.00 -77.57 -18.65 -11.32 -0.12 -11.20 -0.00 -0.00
229 -77.40 -7.56 0.00 -73.69 3.24 15.00 -50.00 -10.00 0.00 -50.00 -10.00 0.00 -76.82 -18.66 -10.41 -0.11 -10.30 -0.00 -0.00
230 -77.27 -7.72 0.00 -73.28 2.88 15.00 -50.00 -10.00 0.00 -50.00 -10.00 0.00 -76.03 -18.67 -9.52 -0.09 -9.43 -0.00 -0.00
231 -77.13 -7.87 0.00 -72.87 2.53 15.00 -50.00 -10.00 0.00 -50.00 -10.00 0.00 -75.24 -18.67 -8.66 -0.08 -8.58 -0.00 -0.00
232 -77.00 -8.02 0.00 -72.46 2.19 15.00 -50.00 -10.00 0.00 -50.00 -10.00 0.00 -74.44 -18.67 -7.85 -0.07 -7.77 -0.00 -0.00
233 -76.87 -8.17 0.00 -72.04 1.86 15.00 -50.00 -10.00 0.00 -50.00 -10.00 0.00 -73.64 -18.66 -7.08 -0.06 -7.02 -0.00 -0.00
234 -76.74 -8.31 0.00 -71.61 1.53 15.00 -50.00 -10.00 0.00 -50.00 -10.00 0.00 -72.85 -18.65 -6.37 -0.05 -6.31 -0.00 -0.00
235 -76.62 -8.45 0.00 -71.17 1.22 15.00 -50.00 -10.00 0.00 -50.00 -10.00 0.00 -72.07 -18.64 -5.71 -0.05 -5.66 -0.00 -0.00
236 -76.49 -8.59 0.00 -70.72 0.91 15.00 -50.00 -10.00 0.00 -50.00 -10.00 0.00 -71.29 -18.63 -5.10 -0.04 -5.06 -0.00 -0.00
237 -76.37 -8.72 0.00 -70.27 0.61 15.00 -50.00 -10.00 0.00 -50.00 -10.00 0.00 -70.53 -18.61 -4.55 -0.04 -4.51 -0.00 -0.00
238 -76.25 -8.85 0.00 -69.80 0.32 15.00 -50.00 -10.00 0.00 -50.00 -10.00 0.00 -69.78 -18.58 -4.05 -0.03 -4.02 -0.00 -0.00
239 -76.13 -8.98 0.00 -69.32 0.04 15.00 -50.00 -10.00 0.00 -50.00 -10.00 0.00 -69.05 -18.56 -3.60 -0.03 -3.57 -0.00 -0.00
240 -76.01 -9.11 0.00 -68.82 -0.24 15.00 -50.00 -10.00 0.00 -50.00 -10.00 0.00 -68.32 -18.53 -3.19 -0.02 -3.16 -0.00 -0.00
241 -75.89 -9.23 0.00 -68.31 -0.51 15.00 -50.00 -10.00 0.00 -50.00 -10.00 0.00 -67.60 -18.49 -2.82 -0.02 -2.80 -0.00 -0.00
242 -75.78 -9.35 0.00 -67.77 -0.77 15.00 -50.00 -10.00 0.00 -50.00 -10.00 0.00 -66.88 -18.46 -2.49 -0.02 -2.47 -0.00 -0.00
243 -75.67 -9.46 0.00 -67.21 -1.02 15.00 -50.00 -10.00 0.00 -50.00 -10.00 0.00 -66.17 -18.42 -2.20 -0.02 -2.18 -0.00 -0.00
244 -75.56 -9.58 0.00 -66.61 -1.27 15.00 -50.00 -10.00 0.00 -50.00 -10.00 0.00 -65.45 -18.38 -1.94 -0.01 -1.92 -0.00 -0.00
245 -75.45 -9.69 0.00 -65.97 -1.51 15.00 -50.00 -10.00 0.00 -50.00 -10.00 0.00 -64.72 -18.33 -1.70 -0.01 -1.69 -0.00 -0.00
246 -75.34 -9.79 0.00 -65.28 -1.74 15.00 -50.00 -10.00 0.00 -50.00 -10.00 0.00 -63.96 -18.29 -1.50 -0.01 -1.49 -0.00 -0.00
247 -75.24 -9.90 0.00 -64.53 -1.96 15.00 -50.00 -10.00 0.00 -50.00 -10.00 0.00 -63.18 -18.24 -1.31 -0.01 -1.30 -0.00 -0.00
248 -75.13 -10.00 0.00 -63.68 -2.18 15.00 -50.00 -10.00 0.00 -50.00 -10.00 0.00 -62.33 -18.18 -1.15 -0.01 -1.14 -0.00 -0.00
249 -75.03 -10.10 0.00 -62.72 -2.38 15.00 -50.00 -10.00 0.00 -50.00 -10.00 0.00 -61.39 -18.13 -1.01 -0.01 -1.00 -0.00 -0.00
250 -74.93 -10.20 0.00 -61.58 -2.58 15.00 -50.00 -10.00 0.00 -50.00 -10.00 0.00 -60.32 -18.07 -0.88 -0.01 -0.88 -0.00 -0.00
251 -74.83 -10.29 0.00 -60.18 -2.77 15.00 -50.00 -10.00 0.00 -50.00 -10.00 0.00 -59.02 -18.00 -0.77 -0.00 -0.77 -0.00 -0.00
252 -74.74 -10.39 0.00 -58.35 -2.95 15.00 -50.00 -10.00 0.00 -50.00 -10.00 0.00 -57.34 -17.93 -0.67 -0.00 -0.67 -0.00 -0.00
253 -74.64 -10.48 0.00 -55.74 -3.11 15.00 -50.00 -10.00 0.00 -50.00 -10.00 0.00 -54.95 -17.84 -0.59 -0.00 -0.59 -0.00 -0.00
254 -74.55 -10.57 0.00 -51.48 -3.26 15.00 -50.00 -10.00 0.00 -50.00 -10.00 0.00 -51.02 -17.74 -0.51 -0.00 -0.51 -0.00 -0.00
255 -74.45 -10.65 0.00 -42.88 -3.36 15.00 -50.00 -10.00 0.00 -50.00 -10.00 0.00 -43.06 -17.60 -0.45 -0.00 -0.45 -0.00 -0.00
256 -74.36 -10.74 0.00 -16.95 -3.36 15.00 -50.00 -10.00 0.00 -50.00 -10.00 0.00 -19.43 -17.35 -0.39 -0.00 -0.39 -0.00 -0.00
257 -74.27 -10.82 0.00 30.00 -2.57 15.00 -50.00 -10.00 0.00 -50.00 -10.00 0.00 30.00 -16.26 -0.34 -0.00 -0.34 -0.00 -0.00
258 -74.19 -10.90 0.00 -50.00 -0.57 15.00 -50.00 -10.00 0.00 -50.00 -10.00 0.00 -65.00 -10.26 -0.34 -0.00 -0.34 -0.00 -0.00
259 -74.10 -10.98 0.00 -42.88 -0.73 15.00 -50.00 -10.00 0.00 -50.00 -10.00 0.00 -78.34 -10.45 -9.53 -0.00 -9.53 -0.00 -0.00
260 -74.01 -11.06 0.00 -21.08 -0.80 15.00 -50.00 -10.00 0.00 -50.00 -10.00 0.00 -83.43 -10.65 -12.15 -0.00 -12.15 -0.00 -0.00
261 -73.93 -11.13 0.00 30.00 -0.27 15.00 -50.00 -10.00 0.00 -50.00 -10.00 0.00 -84.48 -10.86 -13.76 -0.00 -13.76 -0.00 -0.00
262 -73.85 -11.20 0.00 -50.00 1.73 15.00 -50.00 -10.00 0.00 -50.00 -10.00 0.00 -79.47 -11.04 -5.61 -0.00 -5.61 -0.00 -0.00
263 -73.77 -11.27 0.00 -45.85 1.51 15.00 -50.00 -10.00 0.00 -50.00 -10.00 0.00 -81.54 -11.23 -9.53 -0.00 -9.53 -0.00 -0.00
264 -73.69 -11.34 0.00 -34.41 1.34 15.00 -50.00 -10.00 0.00 -50.00 -10.00 0.00 -83.15 -11.42 -12.15 -0.00 -12.15 -0.00 -0.00
265 -73.61 -11.41 0.00 15.06 1.37 15.00 -50.00 -10.00 0.00 -50.00 -10.00 0.00 -84.04 -11.61 -13.76 -0.00 -13.76 -0.00 -0.00
266 -73.53 -11.48 0.00 30.00 4.97 15.00 -50.00 -10.00 0.00 -50.00 -10.00 0.00 -84.43 -11.80 -14.61 -0.00 -14.61 -0.00 -0.00
267 -73.46 -11.54 0.00 -50.00 6.97 15.00 -50.00 -10.00 0.00 -50.00 -10.00 0.00 -78.85 -11.96 -5.61 -0.00 -5.61 -0.00 -0.00
268 -73.38 -11.60 0.00 -52.44 6.62 15.00 -50.00 -10.00 0.00 -50.00 -10.00 0.00 -80.91 -12.13 -9.53 -0.00 -9.53 -0.00 -0.00
269 -73.31 -11.66 0.00 -56.96 6.26 15.00 -50.00 -10.00 0.00 -50.00 -10.00 0.00 -82.59 -12.30 -12.15 -0.00 -12.15 -0.00 -0.00
270 -73.24 -11.72 0.00 -63.74 5.88 15.00 -50.00 -10.00 0.00 -50.00 -10.00 0.00 -83.51 -12.47 -13.76 -0.00 -13.76 -0.00 -0.00
271 -73.17 -11.78 0.00 -70.38 5.48 15.00 -50.00 -10.00 0.00 -50.00 -10.00 0.00 -83.93 -12.64 -14.61 -0.00 -14.61 -0.00 -0.00
272 -73.10 -11.84 0.00 -73.87 5.07 15.00 -50.00 -10.00 0.00 -50.00 -10.00 0.00 -84.01 -12.81 -14.89 -0.00 -14.89 -0.00 -0.00
273 -73.03 -11.89 0.00 -74.75 4.67 15.00 -50.00 -10.00 0.00 -50.00 -10.00 0.00 -83.84 -12.97 -14.76 -0.00 -14.76 -0.00 -0.00
274 -72.97 -11.95 0.00 -74.69 4.28 15.00 -50.00 -10.00 0.00 -50.00 -10.00 0.00 -83.49 -13.13 -14.33 -0.00 -14.33 -0.00 -0.00
275 -72.90 -12.00 0.00 -74.38 3.90 15.00 -50.00 -10.00 0.00 -50.00 -10.00 0.00 -83.02 -13.28 -13.70 -0.00 -13.70 -0.00 -0.00
276 -72.84 -12.05 0.00 -74.00 3.52 15.00 -50.00 -10.00 0.00 -50.00 -10.00 0.00 -82.46 -13.43 -12.93 -0.00 -12.93 -0.00 -0.00
277 -72.78 -12.10 0.00 -73.60 3.16 15.00 -50.00 -10.00 0.00 -50.00 -10.00 0.00 -81.83 -13.57 -12.08 -0.00 -12.08 -0.00 -0.00
278 -72.72 -12.15 0.00 -73.20 2.80 15.00 -50.00 -10.00 0.00 -50.00 -10.00 0.00 -81.17 -13.70 -11.20 -0.00 -11.20 -0.00 -0.00
279 -72.66 -12.20 0.00 -72.78 2.46 15.00 -50.00 -10.00 0.00 -50.00 -10.00 0.00 -80.48 -13.83 -10.30 -0.00 -10.30 -0.00 -0.00
280 -72.60 -12.25 0.00 -72.37 2.12 15.00 -50.00 -10.00 0.00 -50.00 -10.00 0.00 -79.78 -13.95 -9.43 -0.00 -9.43 -0.00 -0.00
281 -72.54 -12.29 0.00 -71.94 1.79 15.00 -50.00 -10.00 0.00 -50.00 -10.00 0.00 -79.08 -14.07 -8.58 -0.00 -8.58 -0.00 -0.00
282 -72.48 -12.33 0.00 -71.51 1.47 15.00 -50.00 -10.00 0.00 -50.00 -10.00 0.00 -78.38 -14.18 -7.77 -0.00 -7.77 -0.00 -0.00
283 -72.43 -12.38 0.00 -71.07 1.15 15.00 -50.00 -10.00 0.00 -50.00 -10.00 0.00 -77.69 -14.28 -7.02 -0.00 -7.02 -0.00 -0.00
284 -72.37 -12.42 0.00 -70.63 0.85 15.00 -50.00 -10.00 0.00 -50.00 -10.00 0.00 -77.02 -14.38 -6.31 -0.00 -6.31 -0.00 -0.00
285 -72.32 -12.46 0.00 -70.17 0.55 15.00 -50.00 -10.00 0.00 -50.00 -10.00 0.00 -76.37 -14.48 -5.66 -0.00 -5.66 -0.00 -0.00
286 -72.26 -12.50 0.00 -69.70 0.26 15.00 -50.00 -10.00 0.00 -50.00 -10.00 0.00 -75.74 -14.57 -5.06 -0.00 -5.06 -0.00 -0.00
287 -72.21 -12.54 0.00 -69.21 -0.02 15.00 -50.00 -10.00 0.00 -50.00 -10.00 0.00 -75.14 -14.65 -4.51 -0.00 -4.51 -0.00 -0.00
288 -72.16 -12.58 0.00 -68.71 -0.30 15.00 -50.00 -10.00 0.00 -50.00 -10.00 0.00 -74.56 -14.73 -4.02 -0.00 -4.02 -0.00 -0.00
289 -72.11 -12.61 0.00 -68.19 -0.56 15.00 -50.00 -10.00 0.00 -50.00 -10.00 0.00 -74.00 -14.81 -3.57 -0.00 -3.57 -0.00 -0.00
290 -72.06 -12.65 0.00 -67.65 -0.82 15.00 -50.00 -10.00 0.00 -50.00 -10.00 0.00 -73.47 -14.88 -3.16 -0.00 -3.16 -0.00 -0.00
291 -72.02 -12.69 0.00 -67.08 -1.08 15.00 -50.00 -10.00 0.00 -50.00 -10.00 0.00 -72.97 -14.95 -2.80 -0.00 -2.80 -0.00 -0.00
292 -71.97 -12.72 0.00 -66.47 -1.32 15.00 -50.00 -10.00 0.00 -50.00 -10.00 0.00 -72.49 -15.01 -2.47 -0.00 -2.47 -0.00 -0.00
293 -71.92 -12.75 0.00 -65.83 -1.56 15.00 -50.00 -10.00 0.00 -50.00 -10.00 0.00 -72.03 -15.07 -2.18 -0.00 -2.18 -0.00 -0.00
294 -71.88 -12.79 0.00 -65.12 -1.79 15.00 -50.00 -10.00 0.00 -50.00 -10.00 0.00 -71.60 -15.13 -1.92 -0.00 -1.92 -0.00 -0.00
295 -71.84 -12.82 0.00 -64.35 -2.01 15.00 -50.00 -10.00 0.00 -50.00 -10.00 0.00 -71.19 -15.18 -1.69 -0.00 -1.69 -0.00 -0.00
296 -71.79 -12.85 0.00 -63.49 -2.22 15.00 -50.00 -10.00 0.00 -50.00 -10.00 0.00 -70.81 -15.23 -1.49 -0.00 -1.49 -0.00 -0.00
297 -71.75 -12.88 0.00 -62.49 -2.43 15.00 -50.00 -10.00 0.00 -50.00 -10.00 0.00 -70.44 -15.28 -1.30 -0.00 -1.30 -0.00 -0.00
298 -71.71 -12.91 0.00 -61.31 -2.62 15.00 -50.00 -10.00 0.00 -50.00 -10.00 0.00 -70.10 -15.32 -1.14 -0.00 -1.14 -0.00 -0.00
299 -71.67 -12.94 0.00 -59.83 -2.81 15.00 -50.00 -10.00 0.00 -50.00 -10.00 0.00 -69.78 -15.36 -1.00 -0.00 -1.00 -0.00 -0.00
300 -71.63 -12.96 0.00 -57.87 -2.99 15.00 -50.00 -10.00 0.00 -50.00 -10.00 0.00 -69.47 -15.40 -0.88 -0.00 -0.88 -0.00 -0.00