1 -50.00 -10.00 0.00 -50.00 -10.00 0.00 -50.00 -10.00 0.00 -50.00 -10.00 0.00 -64.76 -16.25 0.00 -0.00 -0.00 -0.00 -0.00
2 -50.00 -10.00 0.00 -50.00 -10.00 0.00 -50.00 -10.00 0.00 -50.00 -10.00 0.00 -64.57 -16.25 0.00 -0.00 -0.00 -0.00 -0.00
3 -50.00 -10.00 0.00 -50.00 -10.00 0.00 -50.00 -10.00 0.00 -50.00 -10.00 0.00 -64.41 -16.24 0.00 -0.00 -0.00 -0.00 -0.00
4 -50.00 -10.00 0.00 -50.00 -10.00 0.00 -50.00 -10.00 0.00 -50.00 -10.00 0.00 -64.27 -16.24 0.00 -0.00 -0.00 -0.00 -0.00
5 -50.00 -10.00 0.00 -50.00 -10.00 0.00 -50.00 -10.00 0.00 -50.00 -10.00 0.00 -64.16 -16.24 0.00 -0.00 -0.00 -0.00 -0.00
6 -50.00 -10.00 0.00 -50.00 -10.00 0.00 -50.00 -10.00 0.00 -50.00 -10.00 0.00 -64.07 -16.23 0.00 -0.00 -0.00 -0.00 -0.00
7 -50.00 -10.00 0.00 -50.00 -10.00 0.00 -50.00 -10.00 0.00 -50.00 -10.00 0.00 -63.99 -16.23 0.00 -0.00 -0.00 -0.00 -0.00
8 -50.00 -10.00 0.00 -50.00 -10.00 0.00 -50.00 -10.00 0.00 -50.00 -10.00 0.00 -63.93 -16.22 0.00 -0.00 -0.00 -0.00 -0.00
9 -50.00 -10.00 0.00 -50.00 -10.00 0.00 -50.00 -10.00 0.00 -50.00 -10.00 0.00 -63.87 -16.22 0.00 -0.00 -0.00 -0.00 -0.00
10 -50.00 -10.00 0.00 -50.00 -10.00 0.00 -50.00 -10.00 0.00 -50.00 -10.00 0.00 -63.83 -16.21 0.00 -0.00 -0.00 -0.00 -0.00
11 -50.00 -10.00 0.00 -50.00 -10.00 0.00 -50.00 -10.00 0.00 -50.00 -10.00 0.00 -63.80 -16.21 0.00 -0.00 -0.00 -0.00 -0.00
12 -50.00 -10.00 0.00 -50.00 -10.00 0.00 -50.00 -10.00 0.00 -50.00 -10.00 0.00 -63.78 -16.20 0.00 -0.00 -0.00 -0.00 -0.00
13 -50.00 -10.00 0.00 -50.00 -10.00 0.00 -50.00 -10.00 0.00 -50.00 -10.00 0.00 -63.76 -16.20 0.00 -0.00 -0.00 -0.00 -0.00
14 -50.00 -10.00 0.00 -50.00 -10.00 0.00 -50.00 -10.00 0.00 -50.00 -10.00 0.00 -63.75 -16.19 0.00 -0.00 -0.00 -0.00 -0.00
15 -50.00 -10.00 0.00 -50.00 -10.00 0.00 -50.00 -10.00 0.00 -50.00 -10.00 0.00 -63.75 -16.19 0.00 -0.00 -0.00 -0.00 -0.00
16 -50.00 -10.00 0.00 -50.00 -10.00 0.00 -50.00 -10.00 0.00 -50.00 -10.00 0.00 -63.75 -16.18 0.00 -0.00 -0.00 -0.00 -0.00
17 -50.00 -10.00 0.00 -50.00 -10.00 0.00 -50.00 -10.00 0.00 -50.00 -10.00 0.00 -63.76 -16.18 0.00 -0.00 -0.00 -0.00 -0.00
18 -50.00 -10.00 0.00 -50.00 -10.00 0.00 -50.00 -10.00 0.00 -50.00 -10.00 0.00 -63.77 -16.17 0.00 -0.00 -0.00 -0.00 -0.00
19 -50.00 -10.00 0.00 -50.00 -10.00 0.00 -50.00 -10.00 0.00 -50.00 -10.00 0.00 -63.78 -16.17 0.00 -0.00 -0.00 -0.00 -0.00
20 -50.00 -10.00 0.00 -50.00 -10.00 0.00 -50.00 -10.00 0.00 -50.00 -10.00 0.00 -63.80 -16.16 0.00 -0.00 -0.00 -0.00 -0.00
21 -50.00 -10.00 0.00 -50.00 -10.00 0.00 -50.00 -10.00 0.00 -50.00 -10.00 0.00 -63.82 -16.16 0.00 -0.00 -0.00 -0.00 -0.00
22 -50.00 -10.00 0.00 -50.00 -10.00 0.00 -50.00 -10.00 0.00 -50.00 -10.00 0.00 -63.84 -16.15 0.00 -0.00 -0.00 -0.00 -0.00
23 -50.00 -10.00 0.00 -50.00 -10.00 0.00 -50.00 -10.00 0.00 -50.00 -10.00 0.00 -63.86 -16.15 0.00 -0.00 -0.00 -0.00 -0.00
24 -50.00 -10.00 0.00 -50.00 -10.00 0.00 -50.00 -10.00 0.00 -50.00 -10.00 0.00 -63.89 -16.15 0.00 -0.00 -0.00 -0.00 -0.00
25 -50.00 -10.00 0.00 -50.00 -10.00 0.00 -50.00 -10.00 0.00 -50.00 -10.00 0.00 -63.91 -16.14 0.00 -0.00 -0.00 -0.00 -0.00
26 -50.00 -10.00 0.00 -50.00 -10.00 0.00 -50.00 -10.00 0.00 -50.00 -10.00 0.00 -63.94 -16.14 0.00 -0.00 -0.00 -0.00 -0.00
27 -50.00 -10.00 0.00 -50.00 -10.00 0.00 -50.00 -10.00 0.00 -50.00 -10.00 0.00 -63.96 -16.14 0.00 -0.00 -0.00 -0.00 -0.00
28 -50.00 -10.00 0.00 -50.00 -10.00 0.00 -50.00 -10.00 0.00 -50.00 -10.00 0.00 -63.99 -16.13 0.00 -0.00 -0.00 -0.00 -0.00
29 -50.00 -10.00 0.00 -50.00 -10.00 0.00 -50.00 -10.00 0.00 -50.00 -10.00 0.00 -64.01 -16.13 0.00 -0.00 -0.00 -0.00 -0.00
30 -50.00 -10.00 0.00 -50.00 -10.00 0.00 -50.00 -10.00 0.00 -50.00 -10.00 0.00 -64.04 -16.13 0.00 -0.00 -0.00 -0.00 -0.00
31 -50.00 -10.00 0.00 -50.00 -10.00 0.00 -50.00 -10.00 0.00 -50.00 -10.00 0.00 -64.06 -16.13 0.00 -0.00 -0.00 -0.00 -0.00
32 -50.00 -10.00 0.00 -50.00 -10.00 0.00 -50.00 -10.00 0.00 -50.00 -10.00 0.00 -64.09 -16.13 0.00 -0.00 -0.00 -0.00 -0.00
33 -50.00 -10.00 0.00 -50.00 -10.00 0.00 -50.00 -10.00 0.00 -50.00 -10.00 0.00 -64.11 -16.12 0.00 -0.00 -0.00 -0.00 -0.00
34 -50.00 -10.00 0.00 -50.00 -10.00 0.00 -50.00 -10.00 0.00 -50.00 -10.00 0.00 -64.13 -16.12 0.00 -0.00 -0.00 -0.00 -0.00
35 -50.00 -10.00 0.00 -50.00 -10.00 0.00 -50.00 -10.00 0.00 -50.00 -10.00 0.00 -64.15 -16.12 0.00 -0.00 -0.00 -0.00 -0.00
36 -50.00 -10.00 0.00 -50.00 -10.00 0.00 -50.00 -10.00 0.00 -50.00 -10.00 0.00 -64.17 -16.12 0.00 -0.00 -0.00 -0.00 -0.00
37 -50.00 -10.00 0.00 -50.00 -10.00 0.00 -50.00 -10.00 0.00 -50.00 -10.00 0.00 -64.19 -16.12 0.00 -0.00 -0.00 -0.00 -0.00
38 -50.00 -10.00 0.00 -50.00 -10.00 0.00 -50.00 -10.00 0.00 -50.00 -10.00 0.00 -64.21 -16.12 0.00 -0.00 -0.00 -0.00 -0.00
39 -50.00 -10.00 0.00 -50.00 -10.00 0.00 -50.00 -10.00 0.00 -50.00 -10.00 0.00 -64.23 -16.11 0.00 -0.00 -0.00 -0.00 -0.00
40 -50.00 -10.00 0.00 -50.00 -10.00 0.00 -50.00 -10.00 0.00 -50.00 -10.00 0.00 -64.24 -16.11 0.00 -0.00 -0.00 -0.00 -0.00
41 -50.00 -10.00 0.00 -50.00 -10.00 0.00 -50.00 -10.00 0.00 -50.00 -10.00 0.00 -64.26 -16.11 0.00 -0.00 -0.00 -0.00 -0.00
42 -50.00 -10.00 0.00 -50.00 -10.00 0.00 -50.00 -10.00 0.00 -50.00 -10.00 0.00 -64.27 -16.11 0.00 -0.00 -0.00 -0.00 -0.00
43 -50.00 -10.00 0.00 -50.00 -10.00 0.00 -50.00 -10.00 0.00 -50.00 -10.00 0.00 -64.28 -16.11 0.00 -0.00 -0.00 -0.00 -0.00
44 -50.00 -10.00 0.00 -50.00 -10.00 0.00 -50.00 -10.00 0.00 -50.00 -10.00 0.00 -64.30 -16.11 0.00 -0.00 -0.00 -0.00 -0.00
45 -50.00 -10.00 0.00 -50.00 -10.00 0.00 -50.00 -10.00 0.00 -50.00 -10.00 0.00 -64.31 -16.11 0.00 -0.00 -0.00 -0.00 -0.00
46 -50.00 -10.00 0.00 -50.00 -10.00 0.00 -50.00 -10.00 0.00 -50.00 -10.00 0.00 -64.32 -16.11 0.00 -0.00 -0.00 -0.00 -0.00
47 -50.00 -10.00 0.00 -50.00 -10.00 0.00 -50.00 -10.00 0.00 -50.00 -10.00 0.00 -64.32 -16.11 0.00 -0.00 -0.00 -0.00 -0.00
48 -50.00 -10.00 0.00 -50.00 -10.00 0.00 -50.00 -10.00 0.00 -50.00 -10.00 0.00 -64.33 -16.11 0.00 -0.00 -0.00 -0.00 -0.00
49 -50.00 -10.00 0.00 -50.00 -10.00 0.00 -50.00 -10.00 0.00 -50.00 -10.00 0.00 -64.34 -16.11 0.00 -0.00 -0.00 -0.00 -0.00
50 -50.00 -10.00 0.00 -50.00 -10.00 0.00 -50.00 -10.00 0.00 -50.00 -10.00 0.00 -64.35 -16.11 0.00 -0.00 -0.00 -0.00 -0.00
51 -50.00 -10.00 0.00 -50.00 -10.00 0.00 -50.00 -10.00 0.00 -50.00 -10.00 0.00 -64.35 -16.11 0.00 -0.00 -0.00 -0.00 -0.00
52 -50.00 -10.00 0.00 -50.00 -10.00 0.00 -50.00 -10.00 0.00 -50.00 -10.00 0.00 -64.36 -16.11 0.00 -0.00 -0.00 -0.00 -0.00
53 -50.00 -10.00 0.00 -50.00 -10.00 0.00 -50.00 -10.00 0.00 -50.00 -10.00 0.00 -64.37 -16.11 0.00 -0.00 -0.00 -0.00 -0.00
54 -50.00 -10.00 0.00 -50.00 -10.00 0.00 -50.00 -10.00 0.00 -50.00 -10.00 0.00 -64.37 -16.11 0.00 -0.00 -0.00 -0.00 -0.00
55 -50.00 -10.00 0.00 -50.00 -10.00 0.00 -50.00 -10.00 0.00 -50.00 -10.00 0.00 -64.37 -16.11 0.00 -0.00 -0.00 -0.00 -0.00
56 -50.00 -10.00 0.00 -50.00 -10.00 0.00 -50.00 -10.00 0.00 -50.00 -10.00 0.00 -64.38 -16.11 0.00 -0.00 -0.00 -0.00 -0.00
57 -50.00 -10.00 0.00 -50.00 -10.00 0.00 -50.00 -10.00 0.00 -50.00 -10.00 0.00 -64.38 -16.10 0.00 -0.00 -0.00 -0.00 -0.00
58 -50.00 -10.00 0.00 -50.00 -10.00 0.00 -50.00 -10.00 0.00 -50.00 -10.00 0.00 -64.39 -16.10 0.00 -0.00 -0.00 -0.00 -0.00
59 -50.00 -10.00 0.00 -50.00 -10.00 0.00 -50.00 -10.00 0.00 -50.00 -10.00 0.00 -64.39 -16.10 0.00 -0.00 -0.00 -0.00 -0.00
60 -50.00 -10.00 0.00 -50.00 -10.00 0.00 -50.00 -10.00 0.00 -50.00 -10.00 0.00 -64.39 -16.10 0.00 -0.00 -0.00 -0.00 -0.00
61 -50.00 -10.00 0.00 -50.00 -10.00 0.00 -50.00 -10.00 0.00 -50.00 -10.00 0.00 -64.39 -16.10 0.00 -0.00 -0.00 -0.00 -0.00
62 -50.00 -10.00 0.00 -50.00 -10.00 0.00 -50.00 -10.00 0.00 -50.00 -10.00 0.00 -64.40 -16.10 0.00 -0.00 -0.00 -0.00 -0.00
63 -50.00 -10.00 0.00 -50.00 -10.00 0.00 -50.00 -10.00 0.00 -50.00 -10.00 0.00 -64.40 -16.10 0.00 -0.00 -0.00 -0.00 -0.00
64 -50.00 -10.00 0.00 -50.00 -10.00 0.00 -50.00 -10.00 0.00 -50.00 -10.00 0.00 -64.40 -16.10 0.00 -0.00 -0.00 -0.00 -0.00
65 -50.00 -10.00 0.00 -50.00 -10.00 0.00 -50.00 -10.00 0.00 -50.00 -10.00 0.00 -64.40 -16.10 0.00 -0.00 -0.00 -0.00 -0.00
66 -50.00 -10.00 0.00 -50.00 -10.00 0.00 -50.00 -10.00 0.00 -50.00 -10.00 0.00 -64.40 -16.10 0.00 -0.00 -0.00 -0.00 -0.00
67 -50.00 -10.00 0.00 -50.00 -10.00 0.00 -50.00 -10.00 0.00 -50.00 -10.00 0.00 -64.40 -16.10 0.00 -0.00 -0.00 -0.00 -0.00
68 -50.00 -10.00 0.00 -50.00 -10.00 0.00 -50.00 -10.00 0.00 -50.00 -10.00 0.00 -64.40 -16.10 0.00 -0.00 -0.00 -0.00 -0.00
69 -50.00 -10.00 0.00 -50.00 -10.00 0.00 -50.00 -10.00 0.00 -50.00 -10.00 0.00 -64.41 -16.10 0.00 -0.00 -0.00 -0.00 -0.00
70 -50.00 -10.00 0.00 -50.00 -10.00 0.00 -50.00 -10.00 0.00 -50.00 -10.00 0.00 -64.41 -16.10 0.00 -0.00 -0.00 -0.00 -0.00
71 -50.00 -10.00 0.00 -50.00 -10.00 0.00 -50.00 -10.00 0.00 -50.00 -10.00 0.00 -64.41 -16.10 0.00 -0.00 -0.00 -0.00 -0.00
72 -50.00 -10.00 0.00 -50.00 -10.00 0.00 -50.00 -10.00 0.00 -50.00 -10.00 0.00 -64.41 -16.10 0.00 -0.00 -0.00 -0.00 -0.00
73 -50.00 -10.00 0.00 -50.00 -10.00 0.00 -50.00 -10.00 0.00 -50.00 -10.00 0.00 -64.41 -16.10 0.00 -0.00 -0.00 -0.00 -0.00
74 -50.00 -10.00 0.00 -50.00 -10.00 0.00 -50.00 -10.00 0.00 -50.00 -10.00 0.00 -64.41 -16.10 0.00 -0.00 -0.00 -0.00 -0.00
75 -50.00 -10.00 0.00 -50.00 -10.00 0.00 -50.00 -10.00 0.00 -50.00 -10.00 0.00 -64.41 -16.10 0.00 -0.00 -0.00 -0.00 -0.00
76 -50.00 -10.00 0.00 -50.00 -10.00 0.00 -50.00 -10.00 0.00 -50.00 -10.00 0.00 -64.41 -16.10 0.00 -0.00 -0.00 -0.00 -0.00
77 -50.00 -10.00 0.00 -50.00 -10.00 0.00 -50.00 -10.00 0.00 -50.00 -10.00 0.00 -64.41 -16.10 0.00 -0.00 -0.00 -0.00 -0.00
78 -50.00 -10.00 0.00 -50.00 -10.00 0.00 -50.00 -10.00 0.00 -50.00 -10.00 0.00 -64.41 -16.10 0.00 -0.00 -0.00 -0.00 -0.00
79 -50.00 -10.00 0.00 -50.00 -10.00 0.00 -50.00 -10.00 0.00 -50.00 -10.00 0.00 -64.41 -16.10 0.00 -0.00 -0.00 -0.00 -0.00
80 -50.00 -10.00 0.00 -50.00 -10.00 0.00 -50.00 -10.00 0.00 -50.00 -10.00 0.00 -64.41 -16.10 0.00 -0.00 -0.00 -0.00 -0.00
81 -50.00 -10.00 0.00 -50.00 -10.00 0.00 -50.00 -10.00 0.00 -50.00 -10.00 0.00 -64.41 -16.10 0.00 -0.00 -0.00 -0.00 -0.00
82 -50.00 -10.00 0.00 -50.00 -10.00 0.00 -50.00 -10.00 0.00 -50.00 -10.00 0.00 -64.41 -16.10 0.00 -0.00 -0.00 -0.00 -0.00
83 -50.00 -10.00 0.00 -50.00 -10.00 0.00 -50.00 -10.00 0.00 -50.00 -10.00 0.00 -64.41 -16.10 0.00 -0.00 -0.00 -0.00 -0.00
84 -50.00 -10.00 0.00 -50.00 -10.00 0.00 -50.00 -10.00 0.00 -50.00 -10.00 0.00 -64.41 -16.10 0.00 -0.00 -0.00 -0.00 -0.00
85 -50.00 -10.00 0.00 -50.00 -10.00 0.00 -50.00 -10.00 0.00 -50.00 -10.00 0.00 -64.41 -16.10 0.00 -0.00 -0.00 -0.00 -0.00
86 -50.00 -10.00 0.00 -50.00 -10.00 0.00 -50.00 -10.00 0.00 -50.00 -10.00 0.00 -64.41 -16.10 0.00 -0.00 -0.00 -0.00 -0.00
87 -50.00 -10.00 0.00 -50.00 -10.00 0.00 -50.00 -10.00 0.00 -50.00 -10.00 0.00 -64.41 -16.10 0.00 -0.00 -0.00 -0.00 -0.00
88 -50.00 -10.00 0.00 -50.00 -10.00 0.00 -50.00 -10.00 0.00 -50.00 -10.00 0.00 -64.41 -16.10 0.00 -0.00 -0.00 -0.00 -0.00
89 -50.00 -10.00 0.00 -50.00 -10.00 0.00 -50.00 -10.00 0.00 -50.00 -10.00 0.00 -64.41 -16.10 0.00 -0.00 -0.00 -0.00 -0.00
90 -50.00 -10.00 0.00 -50.00 -10.00 0.00 -50.00 -10.00 0.00 -50.00 -10.00 0.00 -64.41 -16.10 0.00 -0.00 -0.00 -0.00 -0.00
91 -50.00 -10.00 0.00 -50.00 -10.00 0.00 -50.00 -10.00 0.00 -50.00 -10.00 0.00 -64.41 -16.10 0.00 -0.00 -0.00 -0.00 -0.00
92 -50.00 -10.00 0.00 -50.00 -10.00 0.00 -50.00 -10.00 0.00 -50.00 -10.00 0.00 -64.41 -16.10 0.00 -0.00 -0.00 -0.00 -0.00
93 -50.00 -10.00 0.00 -50.00 -10.00 0.00 -50.00 -10.00 0.00 -50.00 -10.00 0.00 -64.41 -16.10 0.00 -0.00 -0.00 -0.00 -0.00
94 -50.00 -10.00 0.00 -50.00 -10.00 0.00 -50.00 -10.00 0.00 -50.00 -10.00 0.00 -64.41 -16.10 0.00 -0.00 -0.00 -0.00 -0.00
95 -50.00 -10.00 0.00 -50.00 -10.00 0.00 -50.00 -10.00 0.00 -50.00 -10.00 0.00 -64.41 -16.10 0.00 -0.00 -0.00 -0.00 -0.00
96 -50.00 -10.00 0.00 -50.00 -10.00 0.00 -50.00 -10.00 0.00 -50.00 -10.00 0.00 -64.41 -16.10 0.00 -0.00 -0.00 -0.00 -0.00
97 -50.00 -10.00 0.00 -50.00 -10.00 0.00 -50.00 -10.00 0.00 -50.00 -10.00 0.00 -64.41 -16.10 0.00 -0.00 -0.00 -0.00 -0.00
98 -50.00 -10.00 0.00 -50.00 -10.00 0.00 -50.00 -10.00 0.00 -50.00 -10.00 0.00 -64.41 -16.10 0.00 -0.00 -0.00 -0.00 -0.00
99 -50.00 -10.00 0.00 -50.00 -10.00 0.00 -50.00 -10.00 0.00 -50.00 -10.00 0.00 -64.41 -16.10 0.00 -0.00 -0.00 -0.00 -0.00
100 -50.00 -10.00 0.00 -50.00 -10.00 0.00 -50.00 -10.00 0.00 -50.00 -10.00 0.00 -64.41 -16.10 0.00 -0.00 -0.00 -0.00 -0.00
101 -50.00 -10.00 0.00 -30.12 -9.92 15.00 -50.00 -10.00 0.00 -50.00 -10.00 0.00 -64.41 -16.10 0.00 -0.00 -0.00 -0.00 -0.00
102 -50.00 -10.00 0.00 30.00 -9.46 15.00 -50.00 -10.00 0.00 -50.00 -10.00 0.00 -64.41 -16.10 0.00 -0.00 -0.00 -0.00 -0.00
103 -50.00 -10.00 0.00 -50.00 -7.46 15.00 -50.00 -10.00 0.00 -50.00 -10.00 0.00 -69.65 -16.13 -5.61 -0.00 -5.61 -0.00 -0.00
104 -50.00 -10.00 0.00 -33.65 -7.44 15.00 -50.00 -10.00 0.00 -50.00 -10.00 0.00 -75.88 -16.19 -9.53 -0.00 -9.53 -0.00 -0.00
105 -50.00 -10.00 0.00 30.00 -7.15 15.00 -50.00 -10.00 0.00 -50.00 -10.00 0.00 -79.45 -16.26 -12.15 -0.00 -12.15 -0.00 -0.00
106 -50.00 -10.00 0.00 -50.00 -5.15 15.00 -50.00 -10.00 0.00 -50.00 -10.00 0.00 -75.38 -16.31 -5.61 -0.00 -5.61 -0.00 -0.00
107 -50.00 -10.00 0.00 -36.80 -5.19 15.00 -50.00 -10.00 0.00 -50.00 -10.00 0.00 -77.44 -16.37 -9.53 -0.00 -9.53 -0.00 -0.00
108 -50.00 -10.00 0.00 13.78 -5.03 15.00 -50.00 -10.00 0.00 -50.00 -10.00 0.00 -79.56 -16.44 -12.15 -0.00 -12.15 -0.00 -0.00
109 -50.00 -10.00 0.00 30.00 -1.37 15.00 -50.00 -10.00 0.00 -50.00 -10.00 0.00 -80.81 -16.52 -13.76 -0.00 -13.76 -0.00 -0.00
110 -50.00 -10.00 0.00 -50.00 0.63 15.00 -50.00 -10.00 0.00 -50.00 -10.00 0.00 -75.37 -16.56 -5.61 -0.00 -5.61 -0.00 -0.00
111 -50.00 -10.00 0.00 -44.44 0.44 15.00 -50.00 -10.00 0.00 -50.00 -10.00 0.00 -77.26 -16.62 -9.53 -0.00 -9.53 -0.00 -0.00
112 -50.00 -10.00 0.00 -28.35 0.32 15.00 -50.00 -10.00 0.00 -50.00 -10.00 0.00 -79.37 -16.68 -12.15 -0.00 -12.15 -0.00 -0.00
113 -50.00 -10.00 0.00 30.00 0.54 15.00 -50.00 -10.00 0.00 -50.00 -10.00 0.00 -80.64 -16.75 -13.76 -0.00 -13.76 -0.00 -0.00
114 -50.00 -10.00 0.00 -50.00 2.54 15.00 -50.00 -10.00 0.00 -50.00 -10.00 0.00 -75.18 -16.79 -5.61 -0.00 -5.61 -0.00 -0.00
115 -50.00 -10.00 0.00 -46.90 2.30 15.00 -50.00 -10.00 0.00 -50.00 -10.00 0.00 -77.05 -16.84 -9.53 -0.00 -9.53 -0.00 -0.00
116 -50.00 -10.00 0.00 -38.60 2.10 15.00 -50.00 -10.00 0.00 -50.00 -10.00 0.00 -79.19 -16.90 -12.15 -0.00 -12.15 -0.00 -0.00
117 -50.00 -10.00 0.00 -7.87 2.03 15.00 -50.00 -10.00 0.00 -50.00 -10.00 0.00 -80.48 -16.97 -13.76 -0.00 -13.76 -0.00 -0.00
118 -50.00 -10.00 0.00 30.00 3.20 15.00 -50.00 -10.00 0.00 -50.00 -10.00 0.00 -81.09 -17.03 -14.61 -0.00 -14.61 -0.00 -0.00
119 -50.00 -10.00 0.00 -50.00 5.20 15.00 -50.00 -10.00 0.00 -50.00 -10.00 0.00 -75.03 -17.07 -5.61 -0.00 -5.61 -0.00 -0.00
120 -50.00 -10.00 0.00 -50.25 4.89 15.00 -50.00 -10.00 0.00 -50.00 -10.00 0.00 -76.82 -17.11 -9.53 -0.00 -9.53 -0.00 -0.00
121 -50.00 -10.00 0.00 -50.43 4.60 15.00 -50.00 -10.00 0.00 -50.00 -10.00 0.00 -78.97 -17.16 -12.15 -0.00 -12.15 -0.00 -0.00
122 -50.00 -10.00 0.00 -50.44 4.30 15.00 -50.00 -10.00 0.00 -50.00 -10.00 0.00 -80.29 -17.22 -13.76 -0.00 -13.76 -0.00 -0.00
123 -50.00 -10.00 0.00 -50.12 4.02 15.00 -50.00 -10.00 0.00 -50.00 -10.00 0.00 -80.91 -17.28 -14.61 -0.00 -14.61 -0.00 -0.00
124 -50.00 -10.00 0.00 -49.03 3.74 15.00 -50.00 -10.00 0.00 -50.00 -10.00 0.00 -81.10 -17.34 -14.89 -0.00 -14.89 -0.00 -0.00
125 -50.00 -10.00 0.00 -46.12 3.48 15.00 -50.00 -10.00 0.00 -50.00 -10.00 0.00 -80.99 -17.40 -14.76 -0.00 -14.76 -0.00 -0.00
126 -50.00 -10.00 0.00 -37.98 3.26 15.00 -50.00 -10.00 0.00 -50.00 -10.00 0.00 -80.68 -17.45 -14.33 -0.00 -14.33 -0.00 -0.00
127 -50.00 -10.00 0.00 -6.96 3.16 15.00 -50.00 -10.00 0.00 -50.00 -10.00 0.00 -80.21 -17.51 -13.70 -0.00 -13.70 -0.00 -0.00
128 -50.00 -10.00 0.00 30.00 4.36 15.00 -50.00 -10.00 0.00 -50.00 -10.00 0.00 -79.64 -17.56 -12.93 -0.00 -12.93 -0.00 -0.00
129 -50.00 -10.00 0.00 -50.00 6.36 15.00 -50.00 -10.00 0.00 -50.00 -10.00 0.00 -74.47 -17.58 -5.61 -0.00 -5.61 -0.00 -0.00
130 -50.00 -10.00 0.00 -51.69 6.03 15.00 -50.00 -10.00 0.00 -50.00 -10.00 0.00 -76.32 -17.61 -9.53 -0.00 -9.53 -0.00 -0.00
131 -50.00 -10.00 0.00 -54.83 5.69 15.00 -50.00 -10.00 0.00 -50.00 -10.00 0.00 -78.55 -17.65 -12.15 -0.00 -12.15 -0.00 -0.00
132 -50.00 -10.00 0.00 -60.01 5.33 15.00 -50.00 -10.00 0.00 -50.00 -10.00 0.00 -79.92 -17.69 -13.76 -0.00 -13.76 -0.00 -0.00
133 -50.00 -10.00 0.00 -66.46 4.96 15.00 -50.00 -10.00 0.00 -50.00 -10.00 0.00 -80.58 -17.74 -14.61 -0.00 -14.61 -0.00 -0.00
134 -50.00 -10.00 0.00 -71.44 4.58 15.00 -50.00 -10.00 0.00 -50.00 -10.00 0.00 -80.79 -17.79 -14.89 -0.00 -14.89 -0.00 -0.00
135 -50.00 -10.00 0.00 -73.57 4.19 15.00 -50.00 -10.00 0.00 -50.00 -10.00 0.00 -80.69 -17.84 -14.76 -0.00 -14.76 -0.00 -0.00
136 -50.00 -10.00 0.00 -73.99 3.81 15.00 -50.00 -10.00 0.00 -50.00 -10.00 0.00 -80.37 -17.88 -14.33 -0.00 -14.33 -0.00 -0.00
137 -50.00 -10.00 0.00 -73.82 3.44 15.00 -50.00 -10.00 0.00 -50.00 -10.00 0.00 -79.91 -17.93 -13.70 -0.00 -13.70 -0.00 -0.00
138 -50.00 -10.00 0.00 -73.48 3.08 15.00 -50.00 -10.00 0.00 -50.00 -10.00 0.00 -79.34 -17.96 -12.93 -0.00 -12.93 -0.00 -0.00
139 -50.00 -10.00 0.00 -73.09 2.72 15.00 -50.00 -10.00 0.00 -50.00 -10.00 0.00 -78.69 -18.00 -12.08 -0.00 -12.08 -0.00 -0.00
140 -50.00 -10.00 0.00 -72.68 2.38 15.00 -50.00 -10.00 0.00 -50.00 -10.00 0.00 -77.98 -18.03 -11.20 -0.00 -11.20 -0.00 -0.00
141 -50.00 -10.00 0.00 -72.27 2.04 15.00 -50.00 -10.00 0.00 -50.00 -10.00 0.00 -77.24 -18.05 -10.30 -0.00 -10.30 -0.00 -0.00
142 -50.00 -10.00 0.00 -71.84 1.71 15.00 -50.00 -10.00 0.00 -50.00 -10.00 0.00 -76.48 -18.08 -9.43 -0.00 -9.43 -0.00 -0.00
143 -50.00 -10.00 0.00 -71.41 1.39 15.00 -50.00 -10.00 0.00 -50.00 -10.00 0.00 -75.71 -18.09 -8.58 -0.00 -8.58 -0.00 -0.00
144 -50.00 -10.00 0.00 -70.97 1.08 15.00 -50.00 -10.00 0.00 -50.00 -10.00 0.00 -74.93 -18.11 -7.77 -0.00 -7.77 -0.00 -0.00
145 -50.00 -10.00 0.00 -70.52 0.78 15.00 -50.00 -10.00 0.00 -50.00 -10.00 0.00 -74.16 -18.11 -7.02 -0.00 -7.02 -0.00 -0.00
146 -50.00 -10.00 0.00 -70.06 0.48 15.00 -50.00 -10.00 0.00 -50.00 -10.00 0.00 -73.40 -18.12 -6.31 -0.00 -6.31 -0.00 -0.00
147 -50.00 -10.00 0.00 -69.59 0.19 15.00 -50.00 -10.00 0.00 -50.00 -10.00 0.00 -72.64 -18.12 -5.66 -0.00 -5.66 -0.00 -0.00
148 -50.00 -10.00 0.00 -69.10 -0.09 15.00 -50.00 -10.00 0.00 -50.00 -10.00 0.00 -71.90 -18.12 -5.06 -0.00 -5.06 -0.00 -0.00
149 -50.00 -10.00 0.00 -68.60 -0.36 15.00 -50.00 -10.00 0.00 -50.00 -10.00 0.00 -71.18 -18.11 -4.51 -0.00 -4.51 -0.00 -0.00
150 -50.00 -10.00 0.00 -68.07 -0.62 15.00 -50.00 -10.00 0.00 -50.00 -10.00 0.00 -70.47 -18.10 -4.02 -0.00 -4.02 -0.00 -0.00
151 -50.00 -10.00 0.00 -67.52 -0.88 15.00 -50.00 -10.00 0.00 -50.00 -10.00 0.00 -69.77 -18.09 -3.57 -0.00 -3.57 -0.00 -0.00
152 -50.00 -10.00 0.00 -66.94 -1.13 15.00 -50.00 -10.00 0.00 -50.00 -10.00 0.00 -69.10 -18.07 -3.16 -0.00 -3.16 -0.00 -0.00
153 -50.00 -10.00 0.00 -66.33 -1.38 15.00 -50.00 -10.00 0.00 -50.00 -10.00 0.00 -68.43 -18.05 -2.80 -0.00 -2.80 -0.00 -0.00
154 -50.00 -10.00 0.00 -65.67 -1.61 15.00 -50.00 -10.00 0.00 -50.00 -10.00 0.00 -67.78 -18.03 -2.47 -0.00 -2.47 -0.00 -0.00
155 -50.00 -10.00 0.00 -64.95 -1.84 15.00 -50.00 -10.00 0.00 -50.00 -10.00 0.00 -67.14 -18.00 -2.18 -0.00 -2.18 -0.00 -0.00
156 -50.00 -10.00 0.00 -64.16 -2.06 15.00 -50.00 -10.00 0.00 -50.00 -10.00 0.00 -66.51 -17.98 -1.92 -0.00 -1.92 -0.00 -0.00
157 -50.00 -10.00 0.00 -63.27 -2.27 15.00 -50.00 -10.00 0.00 -50.00 -10.00 0.00 -65.88 -17.95 -1.69 -0.00 -1.69 -0.00 -0.00
158 -50.00 -10.00 0.00 -62.24 -2.47 15.00 -50.00 -10.00 0.00 -50.00 -10.00 0.00 -65.26 -17.91 -1.49 -0.00 -1.49 -0.00 -0.00
159 -50.00 -10.00 0.00 -61.00 -2.67 15.00 -50.00 -10.00 0.00 -50.00 -10.00 0.00 -64.63 -17.88 -1.30 -0.00 -1.30 -0.00 -0.00
160 -50.00 -10.00 0.00 -59.43 -2.85 15.00 -50.00 -10.00 0.00 -50.00 -10.00 0.00 -63.99 -17.84 -1.14 -0.00 -1.14 -0.00 -0.00
161 -50.00 -10.00 0.00 -57.31 -3.02 15.00 -50.00 -10.00 0.00 -50.00 -10.00 0.00 -63.33 -17.80 -1.00 -0.00 -1.00 -0.00 -0.00
162 -50.00 -10.00 0.00 -54.13 -3.18 15.00 -50.00 -10.00 0.00 -50.00 -10.00 0.00 -62.64 -17.76 -0.88 -0.00 -0.88 -0.00 -0.00
163 -50.00 -10.00 0.00 -48.48 -3.31 15.00 -50.00 -10.00 0.00 -50.00 -10.00 0.00 -61.89 -17.71 -0.77 -0.00 -0.77 -0.00 -0.00
164 -50.00 -10.00 0.00 -35.29 -3.39 15.00 -50.00 -10.00 0.00 -50.00 -10.00 0.00 -61.07 -17.66 -0.67 -0.00 -0.67 -0.00 -0.00
165 -50.00 -10.00 0.00 18.76 -3.24 15.00 -50.00 -10.00 0.00 -50.00 -10.00 0.00 -60.13 -17.61 -0.59 -0.00 -0.59 -0.00 -0.00
166 -50.00 -10.00 0.00 30.00 1.11 15.00 -50.00 -10.00 0.00 -50.00 -10.00 0.00 -59.00 -17.55 -0.51 -0.00 -0.51 -0.00 -0.00
167 -50.00 -10.00 0.00 -50.00 3.11 15.00 -50.00 -10.00 0.00 -50.00 -10.00 0.00 -63.01 -17.52 -5.61 -0.00 -5.61 -0.00 -0.00
168 -50.00 -10.00 0.00 -47.62 2.86 15.00 -50.00 -10.00 0.00 -50.00 -10.00 0.00 -70.84 -17.52 -9.53 -0.00 -9.53 -0.00 -0.00
169 -50.00 -10.00 0.00 -41.33 2.63 15.00 -50.00 -10.00 0.00 -50.00 -10.00 0.00 -77.25 -17.56 -12.15 -0.00 -12.15 -0.00 -0.00
170 -50.00 -10.00 0.00 -20.37 2.50 15.00 -50.00 -10.00 0.00 -50.00 -10.00 0.00 -79.82 -17.61 -13.76 -0.00 -13.76 -0.00 -0.00
171 -50.00 -10.00 0.00 30.00 2.95 15.00 -50.00 -10.00 0.00 -50.00 -10.00 0.00 -80.63 -17.66 -14.61 -0.00 -14.61 -0.00 -0.00
172 -50.00 -10.00 0.00 -50.00 4.95 15.00 -50.00 -10.00 0.00 -50.00 -10.00 0.00 -74.53 -17.68 -5.61 -0.00 -5.61 -0.00 -0.00
173 -50.00 -10.00 0.00 -49.94 4.65 15.00 -50.00 -10.00 0.00 -50.00 -10.00 0.00 -76.26 -17.70 -9.53 -0.00 -9.53 -0.00 -0.00
174 -50.00 -10.00 0.00 -49.44 4.36 15.00 -50.00 -10.00 0.00 -50.00 -10.00 0.00 -78.47 -17.74 -12.15 -0.00 -12.15 -0.00 -0.00
175 -50.00 -10.00 0.00 -47.90 4.08 15.00 -50.00 -10.00 0.00 -50.00 -10.00 0.00 -79.85 -17.79 -13.76 -0.00 -13.76 -0.00 -0.00
176 -50.00 -10.00 0.00 -43.72 3.83 15.00 -50.00 -10.00 0.00 -50.00 -10.00 0.00 -80.52 -17.83 -14.61 -0.00 -14.61 -0.00 -0.00
177 -50.00 -10.00 0.00 -30.89 3.63 15.00 -50.00 -10.00 0.00 -50.00 -10.00 0.00 -80.72 -17.88 -14.89 -0.00 -14.89 -0.00 -0.00
178 -50.00 -10.00 0.00 30.00 3.69 15.00 -50.00 -10.00 0.00 -50.00 -10.00 0.00 -80.63 -17.93 -14.76 -0.00 -14.76 -0.00 -0.00
179 -50.00 -10.00 0.00 -50.00 5.69 15.00 -50.00 -10.00 0.00 -50.00 -10.00 0.00 -74.33 -17.94 -5.61 -0.00 -5.61 -0.00 -0.00
180 -50.00 -10.00 0.00 -50.85 5.37 15.00 -50.00 -10.00 0.00 -50.00 -10.00 0.00 -76.02 -17.96 -9.53 -0.00 -9.53 -0.00 -0.00
181 -50.00 -10.00 0.00 -52.32 5.05 15.00 -50.00 -10.00 0.00 -50.00 -10.00 0.00 -78.25 -17.99 -12.15 -0.00 -12.15 -0.00 -0.00
182 -50.00 -10.00 0.00 -54.89 4.73 15.00 -50.00 -10.00 0.00 -50.00 -10.00 0.00 -79.66 -18.03 -13.76 -0.00 -13.76 -0.00 -0.00
183 -50.00 -10.00 0.00 -59.05 4.40 15.00 -50.00 -10.00 0.00 -50.00 -10.00 0.00 -80.34 -18.07 -14.61 -0.00 -14.61 -0.00 -0.00
184 -50.00 -10.00 0.00 -64.45 4.05 15.00 -50.00 -10.00 0.00 -50.00 -10.00 0.00 -80.56 -18.11 -14.89 -0.00 -14.89 -0.00 -0.00
185 -50.00 -10.00 0.00 -69.27 3.70 15.00 -50.00 -10.00 0.00 -50.00 -10.00 0.00 -80.46 -18.15 -14.76 -0.00 -14.76 -0.00 -0.00
186 -50.00 -10.00 0.00 -71.91 3.33 15.00 -50.00 -10.00 0.00 -50.00 -10.00 0.00 -80.15 -18.19 -14.33 -0.00 -14.33 -0.00 -0.00
187 -50.00 -10.00 0.00 -72.75 2.98 15.00 -50.00 -10.00 0.00 -50.00 -10.00 0.00 -79.69 -18.23 -13.70 -0.00 -13.70 -0.00 -0.00
188 -50.00 -10.00 0.00 -72.77 2.63 15.00 -50.00 -10.00 0.00 -50.00 -10.00 0.00 -79.12 -18.26 -12.93 -0.00 -12.93 -0.00 -0.00
189 -50.00 -10.00 0.00 -72.50 2.28 15.00 -50.00 -10.00 0.00 -50.00 -10.00 0.00 -78.46 -18.28 -12.08 -0.00 -12.08 -0.00 -0.00
190 -50.00 -10.00 0.00 -72.13 1.95 15.00 -50.00 -10.00 0.00 -50.00 -10.00 0.00 -77.76 -18.31 -11.20 -0.00 -11.20 -0.00 -0.00
191 -50.00 -10.00 0.00 -71.72 1.62 15.00 -50.00 -10.00 0.00 -50.00 -10.00 0.00 -77.01 -18.33 -10.30 -0.00 -10.30 -0.00 -0.00
192 -50.00 -10.00 0.00 -71.29 1.31 15.00 -50.00 -10.00 0.00 -50.00 -10.00 0.00 -76.24 -18.34 -9.43 -0.00 -9.43 -0.00 -0.00
193 -50.00 -10.00 0.00 -70.85 1.00 15.00 -50.00 -10.00 0.00 -50.00 -10.00 0.00 -75.46 -18.35 -8.58 -0.00 -8.58 -0.00 -0.00
194 -50.00 -10.00 0.00 -70.40 0.70 15.00 -50.00 -10.00 0.00 -50.00 -10.00 0.00 -74.68 -18.36 -7.77 -0.00 -7.77 -0.00 -0.00
195 -50.00 -10.00 0.00 -69.93 0.40 15.00 -50.00 -10.00 0.00 -50.00 -10.00 0.00 -73.90 -18.36 -7.02 -0.00 -7.02 -0.00 -0.00
196 -50.00 -10.00 0.00 -69.46 0.12 15.00 -50.00 -10.00 0.00 -50.00 -10.00 0.00 -73.13 -18.36 -6.31 -0.00 -6.31 -0.00 -0.00
197 -50.00 -10.00 0.00 -68.96 -0.16 15.00 -50.00 -10.00 0.00 -50.00 -10.00 0.00 -72.36 -18.35 -5.66 -0.00 -5.66 -0.00 -0.00
198 -50.00 -10.00 0.00 -68.45 -0.43 15.00 -50.00 -10.00 0.00 -50.00 -10.00 0.00 -71.61 -18.34 -5.06 -0.00 -5.06 -0.00 -0.00
199 -50.00 -10.00 0.00 -67.92 -0.70 15.00 -50.00 -10.00 0.00 -50.00 -10.00 0.00 -70.87 -18.33 -4.51 -0.00 -4.51 -0.00 -0.00
200 -50.00 -10.00 0.00 -67.37 -0.95 15.00 -50.00 -10.00 0.00 -50.00 -10.00 0.00 -70.15 -18.32 -4.02 -0.00 -4.02 -0.00 -0.00
201 -30.12 -9.92 15.00 -79.29 -1.25 0.00 -50.00 -10.00 0.00 -50.00 -10.00 0.00 -69.43 -18.30 -3.57 -0.00 -3.57 -0.00 -0.00
202 30.00 -9.46 15.00 -81.69 -1.55 0.00 -50.00 -10.00 0.00 -50.00 -10.00 0.00 -68.74 -18.27 -3.16 -0.00 -3.16 -0.00 -0.00
203 -50.00 -7.46 15.00 -81.67 -1.85 0.00 -50.00 -10.00 0.00 -50.00 -10.00 0.00 -72.43 -18.27 -7.91 -5.11 -2.80 -0.00 -0.00
204 -33.65 -7.44 15.00 -81.49 -2.14 0.00 -50.00 -10.00 0.00 -50.00 -10.00 0.00 -76.50 -18.29 -11.21 -8.74 -2.47 -0.00 -0.00
205 30.00 -7.15 15.00 -81.30 -2.42 0.00 -50.00 -10.00 0.00 -50.00 -10.00 0.00 -78.97 -18.32 -13.40 -11.22 -2.18 -0.00 -0.00
206 -50.00 -5.15 15.00 -81.11 -2.69 0.00 -50.00 -10.00 0.00 -50.00 -10.00 0.00 -74.85 -18.32 -7.03 -5.11 -1.92 -0.00 -0.00
207 -36.80 -5.19 15.00 -80.92 -2.96 0.00 -50.00 -10.00 0.00 -50.00 -10.00 0.00 -76.52 -18.34 -10.43 -8.74 -1.69 -0.00 -0.00
208 13.78 -5.03 15.00 -80.74 -3.23 0.00 -50.00 -10.00 0.00 -50.00 -10.00 0.00 -78.46 -18.37 -12.70 -11.22 -1.49 -0.00 -0.00
209 30.00 -1.37 15.00 -80.56 -3.49 0.00 -50.00 -10.00 0.00 -50.00 -10.00 0.00 -79.67 -18.40 -14.10 -12.80 -1.30 -0.00 -0.00
210 -50.00 0.63 15.00 -80.38 -3.74 0.00 -50.00 -10.00 0.00 -50.00 -10.00 0.00 -74.33 -18.40 -6.25 -5.11 -1.14 -0.00 -0.00
211 -44.44 0.44 15.00 -80.20 -3.98 0.00 -50.00 -10.00 0.00 -50.00 -10.00 0.00 -75.83 -18.41 -9.74 -8.74 -1.00 -0.00 -0.00
212 -28.35 0.32 15.00 -80.03 -4.22 0.00 -50.00 -10.00 0.00 -50.00 -10.00 0.00 -77.86 -18.43 -12.09 -11.22 -0.88 -0.00 -0.00
213 30.00 0.54 15.00 -79.86 -4.46 0.00 -50.00 -10.00 0.00 -50.00 -10.00 0.00 -79.19 -18.46 -13.56 -12.80 -0.77 -0.00 -0.00
214 -50.00 2.54 15.00 -79.69 -4.69 0.00 -50.00 -10.00 0.00 -50.00 -10.00 0.00 -73.86 -18.46 -5.78 -5.11 -0.67 -0.00 -0.00
215 -46.90 2.30 15.00 -79.52 -4.91 0.00 -50.00 -10.00 0.00 -50.00 -10.00 0.00 -75.35 -18.47 -9.33 -8.74 -0.59 -0.00 -0.00
216 -38.60 2.10 15.00 -79.35 -5.13 0.00 -50.00 -10.00 0.00 -50.00 -10.00 0.00 -77.47 -18.49 -11.73 -11.22 -0.51 -0.00 -0.00
217 -7.87 2.03 15.00 -79.19 -5.35 0.00 -50.00 -10.00 0.00 -50.00 -10.00 0.00 -78.88 -18.51 -13.24 -12.80 -0.45 -0.00 -0.00
218 30.00 3.20 15.00 -79.03 -5.56 0.00 -50.00 -10.00 0.00 -50.00 -10.00 0.00 -79.60 -18.54 -14.07 -13.68 -0.39 -0.00 -0.00
219 -50.00 5.20 15.00 -78.87 -5.76 0.00 -50.00 -10.00 0.00 -50.00 -10.00 0.00 -73.62 -18.54 -5.45 -5.11 -0.34 -0.00 -0.00
220 -50.25 4.89 15.00 -78.72 -5.96 0.00 -50.00 -10.00 0.00 -50.00 -10.00 0.00 -75.00 -18.54 -9.03 -8.74 -0.29 -0.00 -0.00
221 -50.43 4.60 15.00 -78.56 -6.15 0.00 -50.00 -10.00 0.00 -50.00 -10.00 0.00 -77.16 -18.56 -11.47 -11.22 -0.26 -0.00 -0.00
222 -50.44 4.30 15.00 -78.41 -6.34 0.00 -50.00 -10.00 0.00 -50.00 -10.00 0.00 -78.63 -18.58 -13.02 -12.80 -0.22 -0.00 -0.00
223 -50.12 4.02 15.00 -78.26 -6.53 0.00 -50.00 -10.00 0.00 -50.00 -10.00 0.00 -79.40 -18.60 -13.88 -13.68 -0.19 -0.00 -0.00
224 -49.03 3.74 15.00 -78.11 -6.71 0.00 -50.00 -10.00 0.00 -50.00 -10.00 0.00 -79.69 -18.63 -14.22 -14.05 -0.17 -0.00 -0.00
225 -46.12 3.48 15.00 -77.97 -6.89 0.00 -50.00 -10.00 0.00 -50.00 -10.00 0.00 -79.67 -18.65 -14.17 -14.02 -0.15 -0.00 -0.00
226 -37.98 3.26 15.00 -77.82 -7.06 0.00 -50.00 -10.00 0.00 -50.00 -10.00 0.00 -79.43 -18.68 -13.84 -13.71 -0.13 -0.00 -0.00
227 -6.96 3.16 15.00 -77.68 -7.23 0.00 -50.00 -10.00 0.00 -50.00 -10.00 0.00 -79.04 -18.70 -13.31 -13.20 -0.11 -0.00 -0.00
228 30.00 4.36 15.00 -77.54 -7.40 0.00 -50.00 -10.00 0.00 -50.00 -10.00 0.00 -78.54 -18.72 -12.64 -12.55 -0.09 -0.00 -0.00
229 -50.00 6.36 15.00 -77.40 -7.56 0.00 -50.00 -10.00 0.00 -50.00 -10.00 0.00 -73.11 -18.71 -5.19 -5.11 -0.08 -0.00 -0.00
230 -51.69 6.03 15.00 -77.27 -7.72 0.00 -50.00 -10.00 0.00 -50.00 -10.00 0.00 -74.55 -18.71 -8.81 -8.74 -0.07 -0.00 -0.00
231 -54.83 5.69 15.00 -77.13 -7.87 0.00 -50.00 -10.00 0.00 -50.00 -10.00 0.00 -76.79 -18.72 -11.28 -11.22 -0.06 -0.00 -0.00
232 -60.01 5.33 15.00 -77.00 -8.02 0.00 -50.00 -10.00 0.00 -50.00 -10.00 0.00 -78.35 -18.74 -12.85 -12.80 -0.05 -0.00 -0.00
233 -66.46 4.96 15.00 -76.87 -8.17 0.00 -50.00 -10.00 0.00 -50.00 -10.00 0.00 -79.16 -18.76 -13.73 -13.68 -0.05 -0.00 -0.00
234 -71.44 4.58 15.00 -76.74 -8.31 0.00 -50.00 -10.00 0.00 -50.00 -10.00 0.00 -79.48 -18.78 -14.09 -14.05 -0.04 -0.00 -0.00
235 -73.57 4.19 15.00 -76.62 -8.45 0.00 -50.00 -10.00 0.00 -50.00 -10.00 0.00 -79.48 -18.80 -14.06 -14.02 -0.03 -0.00 -0.00
236 -73.99 3.81 15.00 -76.49 -8.59 0.00 -50.00 -10.00 0.00 -50.00 -10.00 0.00 -79.25 -18.82 -13.74 -13.71 -0.03 -0.00 -0.00
237 -73.82 3.44 15.00 -76.37 -8.72 0.00 -50.00 -10.00 0.00 -50.00 -10.00 0.00 -78.87 -18.84 -13.23 -13.20 -0.03 -0.00 -0.00
238 -73.48 3.08 15.00 -76.25 -8.85 0.00 -50.00 -10.00 0.00 -50.00 -10.00 0.00 -78.37 -18.85 -12.57 -12.55 -0.02 -0.00 -0.00
239 -73.09 2.72 15.00 -76.13 -8.98 0.00 -50.00 -10.00 0.00 -50.00 -10.00 0.00 -77.79 -18.87 -11.83 -11.81 -0.02 -0.00 -0.00
240 -72.68 2.38 15.00 -76.01 -9.11 0.00 -50.00 -10.00 0.00 -50.00 -10.00 0.00 -77.14 -18.87 -11.04 -11.02 -0.02 -0.00 -0.00
241 -72.27 2.04 15.00 -75.89 -9.23 0.00 -50.00 -10.00 0.00 -50.00 -10.00 0.00 -76.45 -18.88 -10.23 -10.22 -0.01 -0.00 -0.00
242 -71.84 1.71 15.00 -75.78 -9.35 0.00 -50.00 -10.00 0.00 -50.00 -10.00 0.00 -75.73 -18.88 -9.43 -9.41 -0.01 -0.00 -0.00
243 -71.41 1.39 15.00 -75.67 -9.46 0.00 -50.00 -10.00 0.00 -50.00 -10.00 0.00 -75.00 -18.88 -8.64 -8.63 -0.01 -0.00 -0.00
244 -70.97 1.08 15.00 -75.56 -9.58 0.00 -50.00 -10.00 0.00 -50.00 -10.00 0.00 -74.25 -18.87 -7.88 -7.88 -0.01 -0.00 -0.00
245 -70.52 0.78 15.00 -75.45 -9.69 0.00 -50.00 -10.00 0.00 -50.00 -10.00 0.00 -73.50 -18.86 -7.17 -7.16 -0.01 -0.00 -0.00
246 -70.06 0.48 15.00 -75.34 -9.79 0.00 -50.00 -10.00 0.00 -50.00 -10.00 0.00 -72.75 -18.85 -6.49 -6.49 -0.01 -0.00 -0.00
247 -69.59 0.19 15.00 -75.24 -9.90 0.00 -50.00 -10.00 0.00 -50.00 -10.00 0.00 -72.00 -18.83 -5.86 -5.86 -0.01 -0.00 -0.00
248 -69.10 -0.09 15.00 -75.13 -10.00 0.00 -50.00 -10.00 0.00 -50.00 -10.00 0.00 -71.26 -18.81 -5.28 -5.27 -0.01 -0.00 -0.00
249 -68.60 -0.36 15.00 -75.03 -10.10 0.00 -50.00 -10.00 0.00 -50.00 -10.00 0.00 -70.52 -18.79 -4.74 -4.74 -0.00 -0.00 -0.00
250 -68.07 -0.62 15.00 -74.93 -10.20 0.00 -50.00 -10.00 0.00 -50.00 -10.00 0.00 -69.80 -18.76 -4.25 -4.25 -0.00 -0.00 -0.00
251 -67.52 -0.88 15.00 -74.83 -10.29 0.00 -50.00 -10.00 0.00 -50.00 -10.00 0.00 -69.08 -18.73 -3.80 -3.80 -0.00 -0.00 -0.00
252 -66.94 -1.13 15.00 -74.74 -10.39 0.00 -50.00 -10.00 0.00 -50.00 -10.00 0.00 -68.37 -18.70 -3.39 -3.39 -0.00 -0.00 -0.00
253 -66.33 -1.38 15.00 -74.64 -10.48 0.00 -50.00 -10.00 0.00 -50.00 -10.00 0.00 -67.66 -18.66 -3.03 -3.02 -0.00 -0.00 -0.00
254 -65.67 -1.61 15.00 -74.55 -10.57 0.00 -50.00 -10.00 0.00 -50.00 -10.00 0.00 -66.95 -18.62 -2.69 -2.69 -0.00 -0.00 -0.00
255 -64.95 -1.84 15.00 -74.45 -10.65 0.00 -50.00 -10.00 0.00 -50.00 -10.00 0.00 -66.24 -18.58 -2.39 -2.39 -0.00 -0.00 -0.00
256 -64.16 -2.06 15.00 -74.36 -10.74 0.00 -50.00 -10.00 0.00 -50.00 -10.00 0.00 -65.53 -18.54 -2.12 -2.12 -0.00 -0.00 -0.00
257 -63.27 -2.27 15.00 -74.27 -10.82 0.00 -50.00 -10.00 0.00 -50.00 -10.00 0.00 -64.80 -18.49 -1.88 -1.88 -0.00 -0.00 -0.00
258 -62.24 -2.47 15.00 -74.19 -10.90 0.00 -50.00 -10.00 0.00 -50.00 -10.00 0.00 -64.04 -18.44 -1.66 -1.66 -0.00 -0.00 -0.00
259 -61.00 -2.67 15.00 -74.10 -10.98 0.00 -50.00 -10.00 0.00 -50.00 -10.00 0.00 -63.25 -18.39 -1.47 -1.47 -0.00 -0.00 -0.00
260 -59.43 -2.85 15.00 -74.01 -11.06 0.00 -50.00 -10.00 0.00 -50.00 -10.00 0.00 -62.39 -18.33 -1.30 -1.30 -0.00 -0.00 -0.00
261 -57.31 -3.02 15.00 -73.93 -11.13 0.00 -50.00 -10.00 0.00 -50.00 -10.00 0.00 -61.45 -18.27 -1.15 -1.15 -0.00 -0.00 -0.00
262 -54.13 -3.18 15.00 -73.85 -11.20 0.00 -50.00 -10.00 0.00 -50.00 -10.00 0.00 -60.36 -18.21 -1.01 -1.01 -0.00 -0.00 -0.00
263 -48.48 -3.31 15.00 -73.77 -11.27 0.00 -50.00 -10.00 0.00 -50.00 -10.00 0.00 -59.05 -18.14 -0.89 -0.89 -0.00 -0.00 -0.00
264 -35.29 -3.39 15.00 -73.69 -11.34 0.00 -50.00 -10.00 0.00 -50.00 -10.00 0.00 -57.34 -18.07 -0.78 -0.78 -0.00 -0.00 -0.00
265 18.76 -3.24 15.00 -73.61 -11.41 0.00 -50.00 -10.00 0.00 -50.00 -10.00 0.00 -54.90 -17.98 -0.69 -0.69 -0.00 -0.00 -0.00
266 30.00 1.11 15.00 -73.53 -11.48 0.00 -50.00 -10.00 0.00 -50.00 -10.00 0.00 -50.89 -17.87 -0.61 -0.60 -0.00 -0.00 -0.00
267 -50.00 3.11 15.00 -73.46 -11.54 0.00 -50.00 -10.00 0.00 -50.00 -10.00 0.00 -48.53 -17.76 -5.11 -5.11 -0.00 -0.00 -0.00
268 -47.62 2.86 15.00 -73.38 -11.60 0.00 -50.00 -10.00 0.00 -50.00 -10.00 0.00 -47.78 -17.64 -8.74 -8.74 -0.00 -0.00 -0.00
269 -41.33 2.63 15.00 -73.31 -11.66 0.00 -50.00 -10.00 0.00 -50.00 -10.00 0.00 -49.28 -17.54 -11.22 -11.22 -0.00 -0.00 -0.00
270 -20.37 2.50 15.00 -73.24 -11.72 0.00 -50.00 -10.00 0.00 -50.00 -10.00 0.00 -54.89 -17.46 -12.80 -12.80 -0.00 -0.00 -0.00
271 30.00 2.95 15.00 -73.17 -11.78 0.00 -50.00 -10.00 0.00 -50.00 -10.00 0.00 -66.08 -17.44 -13.68 -13.68 -0.00 -0.00 -0.00
272 -50.00 4.95 15.00 -73.10 -11.84 0.00 -50.00 -10.00 0.00 -50.00 -10.00 0.00 -69.18 -17.44 -5.11 -5.11 -0.00 -0.00 -0.00
273 -49.94 4.65 15.00 -73.03 -11.89 0.00 -50.00 -10.00 0.00 -50.00 -10.00 0.00 -74.01 -17.46 -8.74 -8.74 -0.00 -0.00 -0.00
274 -49.44 4.36 15.00 -72.97 -11.95 0.00 -50.00 -10.00 0.00 -50.00 -10.00 0.00 -77.52 -17.50 -11.22 -11.22 -0.00 -0.00 -0.00
275 -47.90 4.08 15.00 -72.90 -12.00 0.00 -50.00 -10.00 0.00 -50.00 -10.00 0.00 -79.25 -17.54 -12.80 -12.80 -0.00 -0.00 -0.00
276 -43.72 3.83 15.00 -72.84 -12.05 0.00 -50.00 -10.00 0.00 -50.00 -10.00 0.00 -80.02 -17.59 -13.68 -13.68 -0.00 -0.00 -0.00
277 -30.89 3.63 15.00 -72.78 -12.10 0.00 -50.00 -10.00 0.00 -50.00 -10.00 0.00 -80.30 -17.64 -14.05 -14.05 -0.00 -0.00 -0.00
278 30.00 3.69 15.00 -72.72 -12.15 0.00 -50.00 -10.00 0.00 -50.00 -10.00 0.00 -80.27 -17.69 -14.02 -14.02 -0.00 -0.00 -0.00
279 -50.00 5.69 15.00 -72.66 -12.20 0.00 -50.00 -10.00 0.00 -50.00 -10.00 0.00 -74.09 -17.71 -5.11 -5.11 -0.00 -0.00 -0.00
280 -50.85 5.37 15.00 -72.60 -12.25 0.00 -50.00 -10.00 0.00 -50.00 -10.00 0.00 -75.54 -17.73 -8.74 -8.74 -0.00 -0.00 -0.00
281 -52.32 5.05 15.00 -72.54 -12.29 0.00 -50.00 -10.00 0.00 -50.00 -10.00 0.00 -77.67 -17.77 -11.22 -11.22 -0.00 -0.00 -0.00
282 -54.89 4.73 15.00 -72.48 -12.33 0.00 -50.00 -10.00 0.00 -50.00 -10.00 0.00 -79.09 -17.81 -12.80 -12.80 -0.00 -0.00 -0.00
283 -59.05 4.40 15.00 -72.43 -12.38 0.00 -50.00 -10.00 0.00 -50.00 -10.00 0.00 -79.83 -17.85 -13.68 -13.68 -0.00 -0.00 -0.00
284 -64.45 4.05 15.00 -72.37 -12.42 0.00 -50.00 -10.00 0.00 -50.00 -10.00 0.00 -80.12 -17.89 -14.05 -14.05 -0.00 -0.00 -0.00
285 -69.27 3.70 15.00 -72.32 -12.46 0.00 -50.00 -10.00 0.00 -50.00 -10.00 0.00 -80.10 -17.93 -14.02 -14.02 -0.00 -0.00 -0.00
286 -71.91 3.33 15.00 -72.26 -12.50 0.00 -50.00 -10.00 0.00 -50.00 -10.00 0.00 -79.86 -17.98 -13.71 -13.71 -0.00 -0.00 -0.00
287 -72.75 2.98 15.00 -72.21 -12.54 0.00 -50.00 -10.00 0.00 -50.00 -10.00 0.00 -79.48 -18.01 -13.20 -13.20 -0.00 -0.00 -0.00
288 -72.77 2.63 15.00 -72.16 -12.58 0.00 -50.00 -10.00 0.00 -50.00 -10.00 0.00 -78.98 -18.05 -12.55 -12.55 -0.00 -0.00 -0.00
289 -72.50 2.28 15.00 -72.11 -12.61 0.00 -50.00 -10.00 0.00 -50.00 -10.00 0.00 -78.41 -18.08 -11.81 -11.81 -0.00 -0.00 -0.00
290 -72.13 1.95 15.00 -72.06 -12.65 0.00 -50.00 -10.00 0.00 -50.00 -10.00 0.00 -77.77 -18.11 -11.02 -11.02 -0.00 -0.00 -0.00
291 -71.72 1.62 15.00 -72.02 -12.69 0.00 -50.00 -10.00 0.00 -50.00 -10.00 0.00 -77.09 -18.13 -10.22 -10.22 -0.00 -0.00 -0.00
292 -71.29 1.31 15.00 -71.97 -12.72 0.00 -50.00 -10.00 0.00 -50.00 -10.00 0.00 -76.39 -18.15 -9.41 -9.41 -0.00 -0.00 -0.00
293 -70.85 1.00 15.00 -71.92 -12.75 0.00 -50.00 -10.00 0.00 -50.00 -10.00 0.00 -75.67 -18.16 -8.63 -8.63 -0.00 -0.00 -0.00
294 -70.40 0.70 15.00 -71.88 -12.79 0.00 -50.00 -10.00 0.00 -50.00 -10.00 0.00 -74.95 -18.18 -7.88 -7.88 -0.00 -0.00 -0.00
295 -69.93 0.40 15.00 -71.84 -12.82 0.00 -50.00 -10.00 0.00 -50.00 -10.00 0.00 -74.22 -18.18 -7.16 -7.16 -0.00 -0.00 -0.00
296 -69.46 0.12 15.00 -71.79 -12.85 0.00 -50.00 -10.00 0.00 -50.00 -10.00 0.00 -73.49 -18.19 -6.49 -6.49 -0.00 -0.00 -0.00
297 -68.96 -0.16 15.00 -71.75 -12.88 0.00 -50.00 -10.00 0.00 -50.00 -10.00 0.00 -72.78 -18.19 -5.86 -5.86 -0.00 -0.00 -0.00
298 -68.45 -0.43 15.00 -71.71 -12.91 0.00 -50.00 -10.00 0.00 -50.00 -10.00 0.00 -72.07 -18.18 -5.27 -5.27 -0.00 -0.00 -0.00
299 -67.92 -0.70 15.00 -71.67 -12.94 0.00 -50.00 -10.00 0.00 -50.00 -10.00 0.00 -71.37 -18.18 -4.74 -4.74 -0.00 -0.00 -0.00
300 -67.37 -0.95 15.00 -71.63 -12.96 0.00 -50.00 -10.00 0.00 -50.00 -10.00 0.00 -70.69 -18.17 -4.25 -4.25 -0.00 -0.00 -0.00
301 -79.29 -1.25 0.00 -58.20 -12.94 15.00 -50.00 -10.00 0.00 -50.00 -10.00 0.00 -70.02 -18.15 -3.80 -3.80 -0.00 -0.00 -0.00
302 -81.69 -1.55 0.00 -43.93 -12.85 15.00 -50.00 -10.00 0.00 -50.00 -10.00 0.00 -69.36 -18.14 -3.39 -3.39 -0.00 -0.00 -0.00
303 -81.67 -1.85 0.00 -5.87 -12.62 15.00 -50.00 -10.00 0.00 -50.00 -10.00 0.00 -68.71 -18.12 -3.02 -3.02 -0.00 -0.00 -0.00
304 -81.49 -2.14 0.00 30.00 -10.81 15.00 -50.00 -10.00 0.00 -50.00 -10.00 0.00 -68.08 -18.10 -2.69 -2.69 -0.00 -0.00 -0.00
305 -81.30 -2.42 0.00 -50.00 -8.81 15.00 -50.00 -10.00 0.00 -50.00 -10.00 0.00 -72.32 -18.10 -8.00 -2.39 -5.61 -0.00 -0.00
306 -81.11 -2.69 0.00 -31.78 -8.76 15.00 -50.00 -10.00 0.00 -50.00 -10.00 0.00 -76.92 -18.12 -11.65 -2.12 -9.53 -0.00 -0.00
307 -80.92 -2.96 0.00 30.00 -8.38 15.00 -50.00 -10.00 0.00 -50.00 -10.00 0.00 -79.58 -18.15 -14.02 -1.88 -12.15 -0.00 -0.00
308 -80.74 -3.23 0.00 -50.00 -6.38 15.00 -50.00 -10.00 0.00 -50.00 -10.00 0.00 -75.23 -18.17 -7.27 -1.66 -5.61 -0.00 -0.00
309 -80.56 -3.49 0.00 -35.13 -6.39 15.00 -50.00 -10.00 0.00 -50.00 -10.00 0.00 -77.14 -18.19 -11.00 -1.47 -9.53 -0.00 -0.00
310 -80.38 -3.74 0.00 25.37 -6.16 15.00 -50.00 -10.00 0.00 -50.00 -10.00 0.00 -79.17 -18.22 -13.44 -1.30 -12.15 -0.00 -0.00
311 -80.20 -3.98 0.00 30.00 -0.51 15.00 -50.00 -10.00 0.00 -50.00 -10.00 0.00 -80.36 -18.26 -14.90 -1.15 -13.76 -0.00 -0.00
312 -80.03 -4.22 0.00 -50.00 1.49 15.00 -50.00 -10.00 0.00 -50.00 -10.00 0.00 -74.79 -18.27 -6.62 -1.01 -5.61 -0.00 -0.00
313 -79.86 -4.46 0.00 -45.55 1.28 15.00 -50.00 -10.00 0.00 -50.00 -10.00 0.00 -76.54 -18.29 -10.42 -0.89 -9.53 -0.00 -0.00
314 -79.69 -4.69 0.00 -33.15 1.12 15.00 -50.00 -10.00 0.00 -50.00 -10.00 0.00 -78.66 -18.31 -12.93 -0.78 -12.15 -0.00 -0.00
315 -79.52 -4.91 0.00 22.89 1.19 15.00 -50.00 -10.00 0.00 -50.00 -10.00 0.00 -79.95 -18.35 -14.45 -0.69 -13.76 -0.00 -0.00
316 -79.35 -5.13 0.00 30.00 6.06 15.00 -50.00 -10.00 0.00 -50.00 -10.00 0.00 -80.56 -18.38 -15.21 -0.60 -14.61 -0.00 -0.00
317 -79.19 -5.35 0.00 -50.00 8.06 15.00 -50.00 -10.00 0.00 -50.00 -10.00 0.00 -74.38 -18.39 -6.14 -0.53 -5.61 -0.00 -0.00
318 -79.03 -5.56 0.00 -53.78 7.69 15.00 -50.00 -10.00 0.00 -50.00 -10.00 0.00 -76.04 -18.40 -10.00 -0.47 -9.53 -0.00 -0.00
319 -78.87 -5.76 0.00 -60.54 7.29 15.00 -50.00 -10.00 0.00 -50.00 -10.00 0.00 -78.23 -18.42 -12.55 -0.41 -12.15 -0.00 -0.00
320 -78.72 -5.96 0.00 -68.90 6.87 15.00 -50.00 -10.00 0.00 -50.00 -10.00 0.00 -79.61 -18.45 -14.11 -0.36 -13.76 -0.00 -0.00
321 -78.56 -6.15 0.00 -74.34 6.44 15.00 -50.00 -10.00 0.00 -50.00 -10.00 0.00 -80.27 -18.48 -14.92 -0.31 -14.61 -0.00 -0.00
322 -78.41 -6.34 0.00 -75.91 6.00 15.00 -50.00 -10.00 0.00 -50.00 -10.00 0.00 -80.46 -18.52 -15.17 -0.27 -14.89 -0.00 -0.00
323 -78.26 -6.53 0.00 -75.95 5.58 15.00 -50.00 -10.00 0.00 -50.00 -10.00 0.00 -80.35 -18.55 -15.00 -0.24 -14.76 -0.00 -0.00
324 -78.11 -6.71 0.00 -75.65 5.17 15.00 -50.00 -10.00 0.00 -50.00 -10.00 0.00 -80.03 -18.58 -14.54 -0.21 -14.33 -0.00 -0.00
325 -77.97 -6.89 0.00 -75.28 4.76 15.00 -50.00 -10.00 0.00 -50.00 -10.00 0.00 -79.55 -18.60 -13.88 -0.18 -13.70 -0.00 -0.00
326 -77.82 -7.06 0.00 -74.89 4.37 15.00 -50.00 -10.00 0.00 -50.00 -10.00 0.00 -78.96 -18.63 -13.09 -0.16 -12.93 -0.00 -0.00
327 -77.68 -7.23 0.00 -74.49 3.98 15.00 -50.00 -10.00 0.00 -50.00 -10.00 0.00 -78.29 -18.64 -12.22 -0.14 -12.08 -0.00 -0.00
328 -77.54 -7.40 0.00 -74.09 3.60 15.00 -50.00 -10.00 0.00 -50.00 -10.00 0.00 -77.57 -18.66 -11.32 -0.12 -11.20 -0.00 -0.00
329 -77.40 -7.56 0.00 -73.69 3.24 15.00 -50.00 -10.00 0.00 -50.00 -10.00 0.00 -76.81 -18.67 -10.41 -0.11 -10.30 -0.00 -0.00
330 -77.27 -7.72 0.00 -73.28 2.88 15.00 -50.00 -10.00 0.00 -50.00 -10.00 0.00 -76.02 -18.68 -9.52 -0.09 -9.43 -0.00 -0.00
331 -77.13 -7.87 0.00 -72.87 2.53 15.00 -50.00 -10.00 0.00 -50.00 -10.00 0.00 -75.23 -18.68 -8.66 -0.08 -8.58 -0.00 -0.00
332 -77.00 -8.02 0.00 -72.46 2.19 15.00 -50.00 -10.00 0.00 -50.00 -10.00 0.00 -74.43 -18.68 -7.85 -0.07 -7.77 -0.00 -0.00
333 -76.87 -8.17 0.00 -72.04 1.86 15.00 -50.00 -10.00 0.00 -50.00 -10.00 0.00 -73.63 -18.67 -7.08 -0.06 -7.02 -0.00 -0.00
334 -76.74 -8.31 0.00 -71.61 1.53 15.00 -50.00 -10.00 0.00 -50.00 -10.00 0.00 -72.84 -18.66 -6.37 -0.05 -6.31 -0.00 -0.00
335 -76.62 -8.45 0.00 -71.17 1.22 15.00 -50.00 -10.00 0.00 -50.00 -10.00 0.00 -72.05 -18.65 -5.71 -0.05 -5.66 -0.00 -0.00
336 -76.49 -8.59 0.00 -70.72 0.91 15.00 -50.00 -10.00 0.00 -50.00 -10.00 0.00 -71.28 -18.63 -5.10 -0.04 -5.06 -0.00 -0.00
337 -76.37 -8.72 0.00 -70.27 0.61 15.00 -50.00 -10.00 0.00 -50.00 -10.00 0.00 -70.52 -18.61 -4.55 -0.04 -4.51 -0.00 -0.00
338 -76.25 -8.85 0.00 -69.80 0.32 15.00 -50.00 -10.00 0.00 -50.00 -10.00 0.00 -69.77 -18.59 -4.05 -0.03 -4.02 -0.00 -0.00
339 -76.13 -8.98 0.00 -69.32 0.04 15.00 -50.00 -10.00 0.00 -50.00 -10.00 0.00 -69.03 -18.56 -3.60 -0.03 -3.57 -0.00 -0.00
340 -76.01 -9.11 0.00 -68.82 -0.24 15.00 -50.00 -10.00 0.00 -50.00 -10.00 0.00 -68.30 -18.53 -3.19 -0.02 -3.16 -0.00 -0.00
341 -75.89 -9.23 0.00 -68.31 -0.51 15.00 -50.00 -10.00 0.00 -50.00 -10.00 0.00 -67.58 -18.50 -2.82 -0.02 -2.80 -0.00 -0.00
342 -75.78 -9.35 0.00 -67.77 -0.77 15.00 -50.00 -10.00 0.00 -50.00 -10.00 0.00 -66.87 -18.47 -2.49 -0.02 -2.47 -0.00 -0.00
343 -75.67 -9.46 0.00 -67.21 -1.02 15.00 -50.00 -10.00 0.00 -50.00 -10.00 0.00 -66.15 -18.43 -2.20 -0.02 -2.18 -0.00 -0.00
344 -75.56 -9.58 0.00 -66.61 -1.27 15.00 -50.00 -10.00 0.00 -50.00 -10.00 0.00 -65.43 -18.39 -1.94 -0.01 -1.92 -0.00 -0.00
345 -75.45 -9.69 0.00 -65.97 -1.51 15.00 -50.00 -10.00 0.00 -50.00 -10.00 0.00 -64.70 -18.34 -1.70 -0.01 -1.69 -0.00 -0.00
346 -75.34 -9.79 0.00 -65.28 -1.74 15.00 -50.00 -10.00 0.00 -50.00 -10.00 0.00 -63.94 -18.29 -1.50 -0.01 -1.49 -0.00 -0.00
347 -75.24 -9.90 0.00 -64.53 -1.96 15.00 -50.00 -10.00 0.00 -50.00 -10.00 0.00 -63.14 -18.24 -1.31 -0.01 -1.30 -0.00 -0.00
348 -75.13 -10.00 0.00 -63.68 -2.18 15.00 -50.00 -10.00 0.00 -50.00 -10.00 0.00 -62.29 -18.19 -1.15 -0.01 -1.14 -0.00 -0.00
349 -75.03 -10.10 0.00 -62.72 -2.38 15.00 -50.00 -10.00 0.00 -50.00 -10.00 0.00 -61.35 -18.13 -1.01 -0.01 -1.00 -0.00 -0.00
350 -74.93 -10.20 0.00 -61.58 -2.58 15.00 -50.00 -10.00 0.00 -50.00 -10.00 0.00 -60.27 -18.07 -0.88 -0.01 -0.88 -0.00 -0.00
351 -74.83 -10.29 0.00 -60.18 -2.77 15.00 -50.00 -10.00 0.00 -50.00 -10.00 0.00 -58.95 -18.01 -0.77 -0.00 -0.77 -0.00 -0.00
352 -74.74 -10.39 0.00 -58.35 -2.95 15.00 -50.00 -10.00 0.00 -50.00 -10.00 0.00 -57.25 -17.93 -0.67 -0.00 -0.67 -0.00 -0.00
353 -74.64 -10.48 0.00 -55.74 -3.11 15.00 -50.00 -10.00 0.00 -50.00 -10.00 0.00 -54.79 -17.85 -0.59 -0.00 -0.59 -0.00 -0.00
354 -74.55 -10.57 0.00 -51.48 -3.26 15.00 -50.00 -10.00 0.00 -50.00 -10.00 0.00 -50.74 -17.74 -0.51 -0.00 -0.51 -0.00 -0.00
355 -74.45 -10.65 0.00 -42.88 -3.36 15.00 -50.00 -10.00 0.00 -50.00 -10.00 0.00 -42.40 -17.60 -0.45 -0.00 -0.45 -0.00 -0.00
356 -74.36 -10.74 0.00 -16.95 -3.36 15.00 -50.00 -10.00 0.00 -50.00 -10.00 0.00 -16.93 -17.33 -0.39 -0.00 -0.39 -0.00 -0.00
357 -74.27 -10.82 0.00 30.00 -2.57 15.00 -50.00 -10.00 0.00 -50.00 -10.00 0.00 30.00 -16.10 -0.34 -0.00 -0.34 -0.00 -0.00
358 -74.19 -10.90 0.00 -50.00 -0.57 15.00 -50.00 -10.00 0.00 -50.00 -10.00 0.00 -65.00 -10.10 -0.34 -0.00 -0.34 -0.00 -0.00
359 -74.10 -10.98 0.00 -42.88 -0.73 15.00 -50.00 -10.00 0.00 -50.00 -10.00 0.00 -78.47 -10.29 -9.53 -0.00 -9.53 -0.00 -0.00
360 -74.01 -11.06 0.00 -21.08 -0.80 15.00 -50.00 -10.00 0.00 -50.00 -10.00 0.00 -83.54 -10.50 -12.15 -0.00 -12.15 -0.00 -0.00
361 -73.93 -11.13 0.00 30.00 -0.27 15.00 -50.00 -10.00 0.00 -50.00 -10.00 0.00 -84.57 -10.71 -13.76 -0.00 -13.76 -0.00 -0.00
362 -73.85 -11.20 0.00 -50.00 1.73 15.00 -50.00 -10.00 0.00 -50.00 -10.00 0.00 -79.57 -10.89 -5.61 -0.00 -5.61 -0.00 -0.00
363 -73.77 -11.27 0.00 -45.85 1.51 15.00 -50.00 -10.00 0.00 -50.00 -10.00 0.00 -81.65 -11.08 -9.53 -0.00 -9.53 -0.00 -0.00
364 -73.69 -11.34 0.00 -34.41 1.34 15.00 -50.00 -10.00 0.00 -50.00 -10.00 0.00 -83.25 -11.28 -12.15 -0.00 -12.15 -0.00 -0.00
365 -73.61 -11.41 0.00 15.06 1.37 15.00 -50.00 -10.00 0.00 -50.00 -10.00 0.00 -84.12 -11.47 -13.76 -0.00 -13.76 -0.00 -0.00
366 -73.53 -11.48 0.00 30.00 4.97 15.00 -50.00 -10.00 0.00 -50.00 -10.00 0.00 -84.51 -11.67 -14.61 -0.00 -14.61 -0.00 -0.00
367 -73.46 -11.54 0.00 -50.00 6.97 15.00 -50.00 -10.00 0.00 -50.00 -10.00 0.00 -78.95 -11.83 -5.61 -0.00 -5.61 -0.00 -0.00
368 -73.38 -11.60 0.00 -52.44 6.62 15.00 -50.00 -10.00 0.00 -50.00 -10.00 0.00 -81.00 -12.00 -9.53 -0.00 -9.53 -0.00 -0.00
369 -73.31 -11.66 0.00 -56.96 6.26 15.00 -50.00 -10.00 0.00 -50.00 -10.00 0.00 -82.67 -12.17 -12.15 -0.00 -12.15 -0.00 -0.00
370 -73.24 -11.72 0.00 -63.74 5.88 15.00 -50.00 -10.00 0.00 -50.00 -10.00 0.00 -83.59 -12.34 -13.76 -0.00 -13.76 -0.00 -0.00
371 -73.17 -11.78 0.00 -70.38 5.48 15.00 -50.00 -10.00 0.00 -50.00 -10.00 0.00 -84.00 -12.52 -14.61 -0.00 -14.61 -0.00 -0.00
372 -73.10 -11.84 0.00 -73.87 5.07 15.00 -50.00 -10.00 0.00 -50.00 -10.00 0.00 -84.08 -12.69 -14.89 -0.00 -14.89 -0.00 -0.00
373 -73.03 -11.89 0.00 -74.75 4.67 15.00 -50.00 -10.00 0.00 -50.00 -10.00 0.00 -83.91 -12.85 -14.76 -0.00 -14.76 -0.00 -0.00
374 -72.97 -11.95 0.00 -74.69 4.28 15.00 -50.00 -10.00 0.00 -50.00 -10.00 0.00 -83.56 -13.01 -14.33 -0.00 -14.33 -0.00 -0.00
375 -72.90 -12.00 0.00 -74.38 3.90 15.00 -50.00 -10.00 0.00 -50.00 -10.00 0.00 -83.09 -13.17 -13.70 -0.00 -13.70 -0.00 -0.00
376 -72.84 -12.05 0.00 -74.00 3.52 15.00 -50.00 -10.00 0.00 -50.00 -10.00 0.00 -82.53 -13.32 -12.93 -0.00 -12.93 -0.00 -0.00
377 -72.78 -12.10 0.00 -73.60 3.16 15.00 -50.00 -10.00 0.00 -50.00 -10.00 0.00 -81.90 -13.46 -12.08 -0.00 -12.08 -0.00 -0.00
378 -72.72 -12.15 0.00 -73.20 2.80 15.00 -50.00 -10.00 0.00 -50.00 -10.00 0.00 -81.24 -13.60 -11.20 -0.00 -11.20 -0.00 -0.00
379 -72.66 -12.20 0.00 -72.78 2.46 15.00 -50.00 -10.00 0.00 -50.00 -10.00 0.00 -80.55 -13.73 -10.30 -0.00 -10.30 -0.00 -0.00
380 -72.60 -12.25 0.00 -72.37 2.12 15.00 -50.00 -10.00 0.00 -50.00 -10.00 0.00 -79.85 -13.85 -9.43 -0.00 -9.43 -0.00 -0.00
381 -72.54 -12.29 0.00 -71.94 1.79 15.00 -50.00 -10.00 0.00 -50.00 -10.00 0.00 -79.15 -13.97 -8.58 -0.00 -8.58 -0.00 -0.00
382 -72.48 -12.33 0.00 -71.51 1.47 15.00 -50.00 -10.00 0.00 -50.00 -10.00 0.00 -78.45 -14.09 -7.77 -0.00 -7.77 -0.00 -0.00
383 -72.43 -12.38 0.00 -71.07 1.15 15.00 -50.00 -10.00 0.00 -50.00 -10.00 0.00 -77.77 -14.19 -7.02 -0.00 -7.02 -0.00 -0.00
384 -72.37 -12.42 0.00 -70.63 0.85 15.00 -50.00 -10.00 0.00 -50.00 -10.00 0.00 -77.10 -14.29 -6.31 -0.00 -6.31 -0.00 -0.00
385 -72.32 -12.46 0.00 -70.17 0.55 15.00 -50.00 -10.00 0.00 -50.00 -10.00 0.00 -76.45 -14.39 -5.66 -0.00 -5.66 -0.00 -0.00
386 -72.26 -12.50 0.00 -69.70 0.26 15.00 -50.00 -10.00 0.00 -50.00 -10.00 0.00 -75.82 -14.48 -5.06 -0.00 -5.06 -0.00 -0.00
387 -72.21 -12.54 0.00 -69.21 -0.02 15.00 -50.00 -10.00 0.00 -50.00 -10.00 0.00 -75.22 -14.57 -4.51 -0.00 -4.51 -0.00 -0.00
388 -72.16 -12.58 0.00 -68.71 -0.30 15.00 -50.00 -10.00 0.00 -50.00 -10.00 0.00 -74.64 -14.65 -4.02 -0.00 -4.02 -0.00 -0.00
389 -72.11 -12.61 0.00 -68.19 -0.56 15.00 -50.00 -10.00 0.00 -50.00 -10.00 0.00 -74.09 -14.73 -3.57 -0.00 -3.57 -0.00 -0.00
390 -72.06 -12.65 0.00 -67.65 -0.82 15.00 -50.00 -10.00 0.00 -50.00 -10.00 0.00 -73.56 -14.80 -3.16 -0.00 -3.16 -0.00 -0.00
391 -72.02 -12.69 0.00 -67.08 -1.08 15.00 -50.00 -10.00 0.00 -50.00 -10.00 0.00 -73.06 -14.87 -2.80 -0.00 -2.80 -0.00 -0.00
392 -71.97 -12.72 0.00 -66.47 -1.32 15.00 -50.00 -10.00 0.00 -50.00 -10.00 0.00 -72.58 -14.94 -2.47 -0.00 -2.47 -0.00 -0.00
393 -71.92 -12.75 0.00 -65.83 -1.56 15.00 -50.00 -10.00 0.00 -50.00 -10.00 0.00 -72.12 -15.00 -2.18 -0.00 -2.18 -0.00 -0.00
394 -71.88 -12.79 0.00 -65.12 -1.79 15.00 -50.00 -10.00 0.00 -50.00 -10.00 0.00 -71.69 -15.06 -1.92 -0.00 -1.92 -0.00 -0.00
395 -71.84 -12.82 0.00 -64.35 -2.01 15.00 -50.00 -10.00 0.00 -50.00 -10.00 0.00 -71.29 -15.11 -1.69 -0.00 -1.69 -0.00 -0.00
396 -71.79 -12.85 0.00 -63.49 -2.22 15.00 -50.00 -10.00 0.00 -50.00 -10.00 0.00 -70.90 -15.16 -1.49 -0.00 -1.49 -0.00 -0.00
397 -71.75 -12.88 0.00 -62.49 -2.43 15.00 -50.00 -10.00 0.00 -50.00 -10.00 0.00 -70.54 -15.21 -1.30 -0.00 -1.30 -0.00 -0.00
398 -71.71 -12.91 0.00 -61.31 -2.62 15.00 -50.00 -10.00 0.00 -50.00 -10.00 0.00 -70.20 -15.26 -1.14 -0.00 -1.14 -0.00 -0.00
399 -71.67 -12.94 0.00 -59.83 -2.81 15.00 -50.00 -10.00 0.00 -50.00 -10.00 0.00 -69.88 -15.30 -1.00 -0.00 -1.00 -0.00 -0.00
400 -71.63 -12.96 0.00 -57.87 -2.99 15.00 -50.00 -10.00 0.00 -50.00 -10.00 0.00 -69.58 -15.35 -0.88 -0.00 -0.88 -0.00 -0.00
401 -71.59 -12.99 0.00 -70.66 -3.21 0.00 -30.12 -9.92 15.00 -50.00 -10.00 0.00 -69.29 -15.39 -0.77 -0.00 -0.77 -0.00 -0.00
