1 -50.00 -10.00 0.00 -30.12 -9.92 15.00 -50.00 -10.00 0.00 -50.00 -10.00 0.00 -64.76 -16.25 0.00 -0.00 -0.00 -0.00 -0.00
2 -50.00 -10.00 0.00 30.00 -9.46 15.00 -50.00 -10.00 0.00 -50.00 -10.00 0.00 -64.57 -16.25 0.00 -0.00 -0.00 -0.00 -0.00
3 -50.00 -10.00 0.00 -50.00 -7.46 15.00 -50.00 -10.00 0.00 -50.00 -10.00 0.00 -69.64 -16.27 -5.61 -0.00 -5.61 -0.00 -0.00
4 -50.00 -10.00 0.00 -33.65 -7.44 15.00 -50.00 -10.00 0.00 -50.00 -10.00 0.00 -75.76 -16.32 -9.53 -0.00 -9.53 -0.00 -0.00
5 -50.00 -10.00 0.00 30.00 -7.15 15.00 -50.00 -10.00 0.00 -50.00 -10.00 0.00 -79.34 -16.39 -12.15 -0.00 -12.15 -0.00 -0.00
6 -50.00 -10.00 0.00 -50.00 -5.15 15.00 -50.00 -10.00 0.00 -50.00 -10.00 0.00 -75.27 -16.44 -5.61 -0.00 -5.61 -0.00 -0.00
7 -50.00 -10.00 0.00 -36.80 -5.19 15.00 -50.00 -10.00 0.00 -50.00 -10.00 0.00 -77.33 -16.50 -9.53 -0.00 -9.53 -0.00 -0.00
8 -50.00 -10.00 0.00 13.78 -5.03 15.00 -50.00 -10.00 0.00 -50.00 -10.00 0.00 -79.46 -16.57 -12.15 -0.00 -12.15 -0.00 -0.00
9 -50.00 -10.00 0.00 30.00 -1.37 15.00 -50.00 -10.00 0.00 -50.00 -10.00 0.00 -80.72 -16.64 -13.76 -0.00 -13.76 -0.00 -0.00
10 -50.00 -10.00 0.00 -50.00 0.63 15.00 -50.00 -10.00 0.00 -50.00 -10.00 0.00 -75.27 -16.68 -5.61 -0.00 -5.61 -0.00 -0.00
11 -50.00 -10.00 0.00 -44.44 0.44 15.00 -50.00 -10.00 0.00 -50.00 -10.00 0.00 -77.15 -16.74 -9.53 -0.00 -9.53 -0.00 -0.00
12 -50.00 -10.00 0.00 -28.35 0.32 15.00 -50.00 -10.00 0.00 -50.00 -10.00 0.00 -79.28 -16.80 -12.15 -0.00 -12.15 -0.00 -0.00
13 -50.00 -10.00 0.00 30.00 0.54 15.00 -50.00 -10.00 0.00 -50.00 -10.00 0.00 -80.55 -16.86 -13.76 -0.00 -13.76 -0.00 -0.00
14 -50.00 -10.00 0.00 -50.00 2.54 15.00 -50.00 -10.00 0.00 -50.00 -10.00 0.00 -75.09 -16.90 -5.61 -0.00 -5.61 -0.00 -0.00
15 -50.00 -10.00 0.00 -46.90 2.30 15.00 -50.00 -10.00 0.00 -50.00 -10.00 0.00 -76.96 -16.95 -9.53 -0.00 -9.53 -0.00 -0.00
16 -50.00 -10.00 0.00 -38.60 2.10 15.00 -50.00 -10.00 0.00 -50.00 -10.00 0.00 -79.10 -17.01 -12.15 -0.00 -12.15 -0.00 -0.00
17 -50.00 -10.00 0.00 -7.87 2.03 15.00 -50.00 -10.00 0.00 -50.00 -10.00 0.00 -80.40 -17.07 -13.76 -0.00 -13.76 -0.00 -0.00
18 -50.00 -10.00 0.00 30.00 3.20 15.00 -50.00 -10.00 0.00 -50.00 -10.00 0.00 -81.02 -17.13 -14.61 -0.00 -14.61 -0.00 -0.00
19 -50.00 -10.00 0.00 -50.00 5.20 15.00 -50.00 -10.00 0.00 -50.00 -10.00 0.00 -74.96 -17.16 -5.61 -0.00 -5.61 -0.00 -0.00
20 -50.00 -10.00 0.00 -50.25 4.89 15.00 -50.00 -10.00 0.00 -50.00 -10.00 0.00 -76.74 -17.20 -9.53 -0.00 -9.53 -0.00 -0.00
21 -50.00 -10.00 0.00 -50.43 4.60 15.00 -50.00 -10.00 0.00 -50.00 -10.00 0.00 -78.90 -17.25 -12.15 -0.00 -12.15 -0.00 -0.00
22 -50.00 -10.00 0.00 -50.44 4.30 15.00 -50.00 -10.00 0.00 -50.00 -10.00 0.00 -80.22 -17.31 -13.76 -0.00 -13.76 -0.00 -0.00
23 -50.00 -10.00 0.00 -50.12 4.02 15.00 -50.00 -10.00 0.00 -50.00 -10.00 0.00 -80.85 -17.37 -14.61 -0.00 -14.61 -0.00 -0.00
24 -50.00 -10.00 0.00 -49.03 3.74 15.00 -50.00 -10.00 0.00 -50.00 -10.00 0.00 -81.04 -17.43 -14.89 -0.00 -14.89 -0.00 -0.00
25 -50.00 -10.00 0.00 -46.12 3.48 15.00 -50.00 -10.00 0.00 -50.00 -10.00 0.00 -80.94 -17.48 -14.76 -0.00 -14.76 -0.00 -0.00
26 -50.00 -10.00 0.00 -37.98 3.26 15.00 -50.00 -10.00 0.00 -50.00 -10.00 0.00 -80.62 -17.54 -14.33 -0.00 -14.33 -0.00 -0.00
27 -50.00 -10.00 0.00 -6.96 3.16 15.00 -50.00 -10.00 0.00 -50.00 -10.00 0.00 -80.16 -17.59 -13.70 -0.00 -13.70 -0.00 -0.00
28 -50.00 -10.00 0.00 30.00 4.36 15.00 -50.00 -10.00 0.00 -50.00 -10.00 0.00 -79.58 -17.63 -12.93 -0.00 -12.93 -0.00 -0.00
29 -50.00 -10.00 0.00 -50.00 6.36 15.00 -50.00 -10.00 0.00 -50.00 -10.00 0.00 -74.40 -17.65 -5.61 -0.00 -5.61 -0.00 -0.00
30 -50.00 -10.00 0.00 -51.69 6.03 15.00 -50.00 -10.00 0.00 -50.00 -10.00 0.00 -76.25 -17.68 -9.53 -0.00 -9.53 -0.00 -0.00
31 -50.00 -10.00 0.00 -54.83 5.69 15.00 -50.00 -10.00 0.00 -50.00 -10.00 0.00 -78.49 -17.72 -12.15 -0.00 -12.15 -0.00 -0.00
32 -50.00 -10.00 0.00 -60.01 5.33 15.00 -50.00 -10.00 0.00 -50.00 -10.00 0.00 -79.87 -17.76 -13.76 -0.00 -13.76 -0.00 -0.00
33 -50.00 -10.00 0.00 -66.46 4.96 15.00 -50.00 -10.00 0.00 -50.00 -10.00 0.00 -80.53 -17.81 -14.61 -0.00 -14.61 -0.00 -0.00
34 -50.00 -10.00 0.00 -71.44 4.58 15.00 -50.00 -10.00 0.00 -50.00 -10.00 0.00 -80.74 -17.86 -14.89 -0.00 -14.89 -0.00 -0.00
35 -50.00 -10.00 0.00 -73.57 4.19 15.00 -50.00 -10.00 0.00 -50.00 -10.00 0.00 -80.64 -17.90 -14.76 -0.00 -14.76 -0.00 -0.00
36 -50.00 -10.00 0.00 -73.99 3.81 15.00 -50.00 -10.00 0.00 -50.00 -10.00 0.00 -80.33 -17.95 -14.33 -0.00 -14.33 -0.00 -0.00
37 -50.00 -10.00 0.00 -73.82 3.44 15.00 -50.00 -10.00 0.00 -50.00 -10.00 0.00 -79.86 -17.99 -13.70 -0.00 -13.70 -0.00 -0.00
38 -50.00 -10.00 0.00 -73.48 3.08 15.00 -50.00 -10.00 0.00 -50.00 -10.00 0.00 -79.29 -18.02 -12.93 -0.00 -12.93 -0.00 -0.00
39 -50.00 -10.00 0.00 -73.09 2.72 15.00 -50.00 -10.00 0.00 -50.00 -10.00 0.00 -78.64 -18.06 -12.08 -0.00 -12.08 -0.00 -0.00
40 -50.00 -10.00 0.00 -72.68 2.38 15.00 -50.00 -10.00 0.00 -50.00 -10.00 0.00 -77.94 -18.09 -11.20 -0.00 -11.20 -0.00 -0.00
41 -50.00 -10.00 0.00 -72.27 2.04 15.00 -50.00 -10.00 0.00 -50.00 -10.00 0.00 -77.19 -18.11 -10.30 -0.00 -10.30 -0.00 -0.00
42 -50.00 -10.00 0.00 -71.84 1.71 15.00 -50.00 -10.00 0.00 -50.00 -10.00 0.00 -76.43 -18.13 -9.43 -0.00 -9.43 -0.00 -0.00
43 -50.00 -10.00 0.00 -71.41 1.39 15.00 -50.00 -10.00 0.00 -50.00 -10.00 0.00 -75.66 -18.15 -8.58 -0.00 -8.58 -0.00 -0.00
44 -50.00 -10.00 0.00 -70.97 1.08 15.00 -50.00 -10.00 0.00 -50.00 -10.00 0.00 -74.88 -18.16 -7.77 -0.00 -7.77 -0.00 -0.00
45 -50.00 -10.00 0.00 -70.52 0.78 15.00 -50.00 -10.00 0.00 -50.00 -10.00 0.00 -74.11 -18.16 -7.02 -0.00 -7.02 -0.00 -0.00
46 -50.00 -10.00 0.00 -70.06 0.48 15.00 -50.00 -10.00 0.00 -50.00 -10.00 0.00 -73.34 -18.17 -6.31 -0.00 -6.31 -0.00 -0.00
47 -50.00 -10.00 0.00 -69.59 0.19 15.00 -50.00 -10.00 0.00 -50.00 -10.00 0.00 -72.59 -18.17 -5.66 -0.00 -5.66 -0.00 -0.00
48 -50.00 -10.00 0.00 -69.10 -0.09 15.00 -50.00 -10.00 0.00 -50.00 -10.00 0.00 -71.84 -18.16 -5.06 -0.00 -5.06 -0.00 -0.00
49 -50.00 -10.00 0.00 -68.60 -0.36 15.00 -50.00 -10.00 0.00 -50.00 -10.00 0.00 -71.11 -18.16 -4.51 -0.00 -4.51 -0.00 -0.00
50 -50.00 -10.00 0.00 -68.07 -0.62 15.00 -50.00 -10.00 0.00 -50.00 -10.00 0.00 -70.40 -18.14 -4.02 -0.00 -4.02 -0.00 -0.00
51 -50.00 -10.00 0.00 -67.52 -0.88 15.00 -50.00 -10.00 0.00 -50.00 -10.00 0.00 -69.71 -18.13 -3.57 -0.00 -3.57 -0.00 -0.00
52 -50.00 -10.00 0.00 -66.94 -1.13 15.00 -50.00 -10.00 0.00 -50.00 -10.00 0.00 -69.02 -18.11 -3.16 -0.00 -3.16 -0.00 -0.00
53 -50.00 -10.00 0.00 -66.33 -1.38 15.00 -50.00 -10.00 0.00 -50.00 -10.00 0.00 -68.35 -18.09 -2.80 -0.00 -2.80 -0.00 -0.00
54 -50.00 -10.00 0.00 -65.67 -1.61 15.00 -50.00 -10.00 0.00 -50.00 -10.00 0.00 -67.70 -18.07 -2.47 -0.00 -2.47 -0.00 -0.00
55 -50.00 -10.00 0.00 -64.95 -1.84 15.00 -50.00 -10.00 0.00 -50.00 -10.00 0.00 -67.05 -18.04 -2.18 -0.00 -2.18 -0.00 -0.00
56 -50.00 -10.00 0.00 -64.16 -2.06 15.00 -50.00 -10.00 0.00 -50.00 -10.00 0.00 -66.41 -18.01 -1.92 -0.00 -1.92 -0.00 -0.00
57 -50.00 -10.00 0.00 -63.27 -2.27 15.00 -50.00 -10.00 0.00 -50.00 -10.00 0.00 -65.78 -17.98 -1.69 -0.00 -1.69 -0.00 -0.00
58 -50.00 -10.00 0.00 -62.24 -2.47 15.00 -50.00 -10.00 0.00 -50.00 -10.00 0.00 -65.14 -17.95 -1.49 -0.00 -1.49 -0.00 -0.00
59 -50.00 -10.00 0.00 -61.00 -2.67 15.00 -50.00 -10.00 0.00 -50.00 -10.00 0.00 -64.50 -17.91 -1.30 -0.00 -1.30 -0.00 -0.00
60 -50.00 -10.00 0.00 -59.43 -2.85 15.00 -50.00 -10.00 0.00 -50.00 -10.00 0.00 -63.85 -17.87 -1.14 -0.00 -1.14 -0.00 -0.00
61 -50.00 -10.00 0.00 -57.31 -3.02 15.00 -50.00 -10.00 0.00 -50.00 -10.00 0.00 -63.17 -17.83 -1.00 -0.00 -1.00 -0.00 -0.00
62 -50.00 -10.00 0.00 -54.13 -3.18 15.00 -50.00 -10.00 0.00 -50.00 -10.00 0.00 -62.46 -17.79 -0.88 -0.00 -0.88 -0.00 -0.00
63 -50.00 -10.00 0.00 -48.48 -3.31 15.00 -50.00 -10.00 0.00 -50.00 -10.00 0.00 -61.68 -17.74 -0.77 -0.00 -0.77 -0.00 -0.00
64 -50.00 -10.00 0.00 -35.29 -3.39 15.00 -50.00 -10.00 0.00 -50.00 -10.00 0.00 -60.82 -17.69 -0.67 -0.00 -0.67 -0.00 -0.00
65 -50.00 -10.00 0.00 18.76 -3.24 15.00 -50.00 -10.00 0.00 -50.00 -10.00 0.00 -59.82 -17.63 -0.59 -0.00 -0.59 -0.00 -0.00
66 -50.00 -10.00 0.00 30.00 1.11 15.00 -50.00 -10.00 0.00 -50.00 -10.00 0.00 -58.58 -17.57 -0.51 -0.00 -0.51 -0.00 -0.00
67 -50.00 -10.00 0.00 -50.00 3.11 15.00 -50.00 -10.00 0.00 -50.00 -10.00 0.00 -62.48 -17.54 -5.61 -0.00 -5.61 -0.00 -0.00
68 -50.00 -10.00 0.00 -47.62 2.86 15.00 -50.00 -10.00 0.00 -50.00 -10.00 0.00 -70.39 -17.54 -9.53 -0.00 -9.53 -0.00 -0.00
69 -50.00 -10.00 0.00 -41.33 2.63 15.00 -50.00 -10.00 0.00 -50.00 -10.00 0.00 -77.09 -17.57 -12.15 -0.00 -12.15 -0.00 -0.00
70 -50.00 -10.00 0.00 -20.37 2.50 15.00 -50.00 -10.00 0.00 -50.00 -10.00 0.00 -79.79 -17.62 -13.76 -0.00 -13.76 -0.00 -0.00
71 -50.00 -10.00 0.00 30.00 2.95 15.00 -50.00 -10.00 0.00 -50.00 -10.00 0.00 -80.62 -17.67 -14.61 -0.00 -14.61 -0.00 -0.00
72 -50.00 -10.00 0.00 -50.00 4.95 15.00 -50.00 -10.00 0.00 -50.00 -10.00 0.00 -74.52 -17.69 -5.61 -0.00 -5.61 -0.00 -0.00
73 -50.00 -10.00 0.00 -49.94 4.65 15.00 -50.00 -10.00 0.00 -50.00 -10.00 0.00 -76.25 -17.72 -9.53 -0.00 -9.53 -0.00 -0.00
74 -50.00 -10.00 0.00 -49.44 4.36 15.00 -50.00 -10.00 0.00 -50.00 -10.00 0.00 -78.46 -17.75 -12.15 -0.00 -12.15 -0.00 -0.00
75 -50.00 -10.00 0.00 -47.90 4.08 15.00 -50.00 -10.00 0.00 -50.00 -10.00 0.00 -79.84 -17.80 -13.76 -0.00 -13.76 -0.00 -0.00
76 -50.00 -10.00 0.00 -43.72 3.83 15.00 -50.00 -10.00 0.00 -50.00 -10.00 0.00 -80.51 -17.85 -14.61 -0.00 -14.61 -0.00 -0.00
77 -50.00 -10.00 0.00 -30.89 3.63 15.00 -50.00 -10.00 0.00 -50.00 -10.00 0.00 -80.72 -17.89 -14.89 -0.00 -14.89 -0.00 -0.00
78 -50.00 -10.00 0.00 30.00 3.69 15.00 -50.00 -10.00 0.00 -50.00 -10.00 0.00 -80.62 -17.94 -14.76 -0.00 -14.76 -0.00 -0.00
79 -50.00 -10.00 0.00 -50.00 5.69 15.00 -50.00 -10.00 0.00 -50.00 -10.00 0.00 -74.32 -17.95 -5.61 -0.00 -5.61 -0.00 -0.00
80 -50.00 -10.00 0.00 -50.85 5.37 15.00 -50.00 -10.00 0.00 -50.00 -10.00 0.00 -76.01 -17.97 -9.53 -0.00 -9.53 -0.00 -0.00
81 -50.00 -10.00 0.00 -52.32 5.05 15.00 -50.00 -10.00 0.00 -50.00 -10.00 0.00 -78.24 -18.00 -12.15 -0.00 -12.15 -0.00 -0.00
82 -50.00 -10.00 0.00 -54.89 4.73 15.00 -50.00 -10.00 0.00 -50.00 -10.00 0.00 -79.65 -18.04 -13.76 -0.00 -13.76 -0.00 -0.00
83 -50.00 -10.00 0.00 -59.05 4.40 15.00 -50.00 -10.00 0.00 -50.00 -10.00 0.00 -80.34 -18.08 -14.61 -0.00 -14.61 -0.00 -0.00
84 -50.00 -10.00 0.00 -64.45 4.05 15.00 -50.00 -10.00 0.00 -50.00 -10.00 0.00 -80.55 -18.12 -14.89 -0.00 -14.89 -0.00 -0.00
85 -50.00 -10.00 0.00 -69.27 3.70 15.00 -50.00 -10.00 0.00 -50.00 -10.00 0.00 -80.46 -18.16 -14.76 -0.00 -14.76 -0.00 -0.00
86 -50.00 -10.00 0.00 -71.91 3.33 15.00 -50.00 -10.00 0.00 -50.00 -10.00 0.00 -80.15 -18.20 -14.33 -0.00 -14.33 -0.00 -0.00
87 -50.00 -10.00 0.00 -72.75 2.98 15.00 -50.00 -10.00 0.00 -50.00 -10.00 0.00 -79.68 -18.23 -13.70 -0.00 -13.70 -0.00 -0.00
88 -50.00 -10.00 0.00 -72.77 2.63 15.00 -50.00 -10.00 0.00 -50.00 -10.00 0.00 -79.11 -18.27 -12.93 -0.00 -12.93 -0.00 -0.00
89 -50.00 -10.00 0.00 -72.50 2.28 15.00 -50.00 -10.00 0.00 -50.00 -10.00 0.00 -78.46 -18.29 -12.08 -0.00 -12.08 -0.00 -0.00
90 -50.00 -10.00 0.00 -72.13 1.95 15.00 -50.00 -10.00 0.00 -50.00 -10.00 0.00 -77.75 -18.32 -11.20 -0.00 -11.20 -0.00 -0.00
91 -50.00 -10.00 0.00 -71.72 1.62 15.00 -50.00 -10.00 0.00 -50.00 -10.00 0.00 -77.00 -18.33 -10.30 -0.00 -10.30 -0.00 -0.00
92 -50.00 -10.00 0.00 -71.29 1.31 15.00 -50.00 -10.00 0.00 -50.00 -10.00 0.00 -76.24 -18.35 -9.43 -0.00 -9.43 -0.00 -0.00
93 -50.00 -10.00 0.00 -70.85 1.00 15.00 -50.00 -10.00 0.00 -50.00 -10.00 0.00 -75.46 -18.36 -8.58 -0.00 -8.58 -0.00 -0.00
94 -50.00 -10.00 0.00 -70.40 0.70 15.00 -50.00 -10.00 0.00 -50.00 -10.00 0.00 -74.67 -18.37 -7.77 -0.00 -7.77 -0.00 -0.00
95 -50.00 -10.00 0.00 -69.93 0.40 15.00 -50.00 -10.00 0.00 -50.00 -10.00 0.00 -73.89 -18.37 -7.02 -0.00 -7.02 -0.00 -0.00
96 -50.00 -10.00 0.00 -69.46 0.12 15.00 -50.00 -10.00 0.00 -50.00 -10.00 0.00 -73.12 -18.37 -6.31 -0.00 -6.31 -0.00 -0.00
97 -50.00 -10.00 0.00 -68.96 -0.16 15.00 -50.00 -10.00 0.00 -50.00 -10.00 0.00 -72.35 -18.36 -5.66 -0.00 -5.66 -0.00 -0.00
98 -50.00 -10.00 0.00 -68.45 -0.43 15.00 -50.00 -10.00 0.00 -50.00 -10.00 0.00 -71.60 -18.35 -5.06 -0.00 -5.06 -0.00 -0.00
99 -50.00 -10.00 0.00 -67.92 -0.70 15.00 -50.00 -10.00 0.00 -50.00 -10.00 0.00 -70.86 -18.34 -4.51 -0.00 -4.51 -0.00 -0.00
100 -50.00 -10.00 0.00 -67.37 -0.95 15.00 -50.00 -10.00 0.00 -50.00 -10.00 0.00 -70.14 -18.32 -4.02 -0.00 -4.02 -0.00 -0.00
101 -50.00 -10.00 0.00 -79.29 -1.25 0.00 -30.12 -9.92 15.00 -50.00 -10.00 0.00 -69.42 -18.30 -3.57 -0.00 -3.57 -0.00 -0.00
102 -50.00 -10.00 0.00 -81.69 -1.55 0.00 30.00 -9.46 15.00 -50.00 -10.00 0.00 -68.73 -18.28 -3.16 -0.00 -3.16 -0.00 -0.00
103 -50.00 -10.00 0.00 -81.67 -1.85 0.00 -50.00 -7.46 15.00 -50.00 -10.00 0.00 -72.43 -18.28 -7.92 -0.00 -2.80 -5.12 -0.00
104 -50.00 -10.00 0.00 -81.49 -2.14 0.00 -33.65 -7.44 15.00 -50.00 -10.00 0.00 -76.50 -18.29 -11.23 -0.00 -2.47 -8.76 -0.00
105 -50.00 -10.00 0.00 -81.30 -2.42 0.00 30.00 -7.15 15.00 -50.00 -10.00 0.00 -78.98 -18.32 -13.42 -0.00 -2.18 -11.24 -0.00
106 -50.00 -10.00 0.00 -81.11 -2.69 0.00 -50.00 -5.15 15.00 -50.00 -10.00 0.00 -74.85 -18.33 -7.04 -0.00 -1.92 -5.12 -0.00
107 -50.00 -10.00 0.00 -80.92 -2.96 0.00 -36.80 -5.19 15.00 -50.00 -10.00 0.00 -76.53 -18.35 -10.45 -0.00 -1.69 -8.76 -0.00
108 -50.00 -10.00 0.00 -80.74 -3.23 0.00 13.78 -5.03 15.00 -50.00 -10.00 0.00 -78.47 -18.37 -12.72 -0.00 -1.49 -11.24 -0.00
109 -50.00 -10.00 0.00 -80.56 -3.49 0.00 30.00 -1.37 15.00 -50.00 -10.00 0.00 -79.68 -18.40 -14.12 -0.00 -1.30 -12.82 -0.00
110 -50.00 -10.00 0.00 -80.38 -3.74 0.00 -50.00 0.63 15.00 -50.00 -10.00 0.00 -74.33 -18.41 -6.26 -0.00 -1.14 -5.12 -0.00
111 -50.00 -10.00 0.00 -80.20 -3.98 0.00 -44.44 0.44 15.00 -50.00 -10.00 0.00 -75.84 -18.42 -9.76 -0.00 -1.00 -8.76 -0.00
112 -50.00 -10.00 0.00 -80.03 -4.22 0.00 -28.35 0.32 15.00 -50.00 -10.00 0.00 -77.87 -18.44 -12.11 -0.00 -0.88 -11.24 -0.00
113 -50.00 -10.00 0.00 -79.86 -4.46 0.00 30.00 0.54 15.00 -50.00 -10.00 0.00 -79.20 -18.47 -13.59 -0.00 -0.77 -12.82 -0.00
114 -50.00 -10.00 0.00 -79.69 -4.69 0.00 -50.00 2.54 15.00 -50.00 -10.00 0.00 -73.86 -18.47 -5.79 -0.00 -0.67 -5.12 -0.00
115 -50.00 -10.00 0.00 -79.52 -4.91 0.00 -46.90 2.30 15.00 -50.00 -10.00 0.00 -75.36 -18.47 -9.34 -0.00 -0.59 -8.76 -0.00
116 -50.00 -10.00 0.00 -79.35 -5.13 0.00 -38.60 2.10 15.00 -50.00 -10.00 0.00 -77.48 -18.49 -11.75 -0.00 -0.51 -11.24 -0.00
117 -50.00 -10.00 0.00 -79.19 -5.35 0.00 -7.87 2.03 15.00 -50.00 -10.00 0.00 -78.89 -18.52 -13.26 -0.00 -0.45 -12.82 -0.00
118 -50.00 -10.00 0.00 -79.03 -5.56 0.00 30.00 3.20 15.00 -50.00 -10.00 0.00 -79.61 -18.54 -14.10 -0.00 -0.39 -13.71 -0.00
119 -50.00 -10.00 0.00 -78.87 -5.76 0.00 -50.00 5.20 15.00 -50.00 -10.00 0.00 -73.62 -18.54 -5.45 -0.00 -0.34 -5.12 -0.00
120 -50.00 -10.00 0.00 -78.72 -5.96 0.00 -50.25 4.89 15.00 -50.00 -10.00 0.00 -75.01 -18.55 -9.05 -0.00 -0.29 -8.76 -0.00
121 -50.00 -10.00 0.00 -78.56 -6.15 0.00 -50.43 4.60 15.00 -50.00 -10.00 0.00 -77.17 -18.56 -11.49 -0.00 -0.26 -11.24 -0.00
122 -50.00 -10.00 0.00 -78.41 -6.34 0.00 -50.44 4.30 15.00 -50.00 -10.00 0.00 -78.65 -18.58 -13.04 -0.00 -0.22 -12.82 -0.00
123 -50.00 -10.00 0.00 -78.26 -6.53 0.00 -50.12 4.02 15.00 -50.00 -10.00 0.00 -79.41 -18.61 -13.90 -0.00 -0.19 -13.71 -0.00
124 -50.00 -10.00 0.00 -78.11 -6.71 0.00 -49.03 3.74 15.00 -50.00 -10.00 0.00 -79.71 -18.63 -14.24 -0.00 -0.17 -14.08 -0.00
125 -50.00 -10.00 0.00 -77.97 -6.89 0.00 -46.12 3.48 15.00 -50.00 -10.00 0.00 -79.69 -18.66 -14.20 -0.00 -0.15 -14.05 -0.00
126 -50.00 -10.00 0.00 -77.82 -7.06 0.00 -37.98 3.26 15.00 -50.00 -10.00 0.00 -79.45 -18.68 -13.86 -0.00 -0.13 -13.74 -0.00
127 -50.00 -10.00 0.00 -77.68 -7.23 0.00 -6.96 3.16 15.00 -50.00 -10.00 0.00 -79.06 -18.71 -13.33 -0.00 -0.11 -13.22 -0.00
128 -50.00 -10.00 0.00 -77.54 -7.40 0.00 30.00 4.36 15.00 -50.00 -10.00 0.00 -78.55 -18.72 -12.67 -0.00 -0.09 -12.57 -0.00
129 -50.00 -10.00 0.00 -77.40 -7.56 0.00 -50.00 6.36 15.00 -50.00 -10.00 0.00 -73.12 -18.72 -5.20 -0.00 -0.08 -5.12 -0.00
130 -50.00 -10.00 0.00 -77.27 -7.72 0.00 -51.69 6.03 15.00 -50.00 -10.00 0.00 -74.56 -18.71 -8.83 -0.00 -0.07 -8.76 -0.00
131 -50.00 -10.00 0.00 -77.13 -7.87 0.00 -54.83 5.69 15.00 -50.00 -10.00 0.00 -76.80 -18.72 -11.30 -0.00 -0.06 -11.24 -0.00
132 -50.00 -10.00 0.00 -77.00 -8.02 0.00 -60.01 5.33 15.00 -50.00 -10.00 0.00 -78.36 -18.74 -12.87 -0.00 -0.05 -12.82 -0.00
133 -50.00 -10.00 0.00 -76.87 -8.17 0.00 -66.46 4.96 15.00 -50.00 -10.00 0.00 -79.17 -18.76 -13.76 -0.00 -0.05 -13.71 -0.00
134 -50.00 -10.00 0.00 -76.74 -8.31 0.00 -71.44 4.58 15.00 -50.00 -10.00 0.00 -79.49 -18.78 -14.12 -0.00 -0.04 -14.08 -0.00
135 -50.00 -10.00 0.00 -76.62 -8.45 0.00 -73.57 4.19 15.00 -50.00 -10.00 0.00 -79.49 -18.81 -14.08 -0.00 -0.03 -14.05 -0.00
136 -50.00 -10.00 0.00 -76.49 -8.59 0.00 -73.99 3.81 15.00 -50.00 -10.00 0.00 -79.27 -18.83 -13.77 -0.00 -0.03 -13.74 -0.00
137 -50.00 -10.00 0.00 -76.37 -8.72 0.00 -73.82 3.44 15.00 -50.00 -10.00 0.00 -78.89 -18.84 -13.25 -0.00 -0.03 -13.22 -0.00
138 -50.00 -10.00 0.00 -76.25 -8.85 0.00 -73.48 3.08 15.00 -50.00 -10.00 0.00 -78.39 -18.86 -12.59 -0.00 -0.02 -12.57 -0.00
139 -50.00 -10.00 0.00 -76.13 -8.98 0.00 -73.09 2.72 15.00 -50.00 -10.00 0.00 -77.80 -18.87 -11.85 -0.00 -0.02 -11.83 -0.00
140 -50.00 -10.00 0.00 -76.01 -9.11 0.00 -72.68 2.38 15.00 -50.00 -10.00 0.00 -77.15 -18.88 -11.06 -0.00 -0.02 -11.04 -0.00
141 -50.00 -10.00 0.00 -75.89 -9.23 0.00 -72.27 2.04 15.00 -50.00 -10.00 0.00 -76.46 -18.88 -10.25 -0.00 -0.01 -10.24 -0.00
142 -50.00 -10.00 0.00 -75.78 -9.35 0.00 -71.84 1.71 15.00 -50.00 -10.00 0.00 -75.75 -18.88 -9.44 -0.00 -0.01 -9.43 -0.00
143 -50.00 -10.00 0.00 -75.67 -9.46 0.00 -71.41 1.39 15.00 -50.00 -10.00 0.00 -75.01 -18.88 -8.66 -0.00 -0.01 -8.65 -0.00
144 -50.00 -10.00 0.00 -75.56 -9.58 0.00 -70.97 1.08 15.00 -50.00 -10.00 0.00 -74.26 -18.88 -7.90 -0.00 -0.01 -7.89 -0.00
145 -50.00 -10.00 0.00 -75.45 -9.69 0.00 -70.52 0.78 15.00 -50.00 -10.00 0.00 -73.51 -18.87 -7.18 -0.00 -0.01 -7.17 -0.00
146 -50.00 -10.00 0.00 -75.34 -9.79 0.00 -70.06 0.48 15.00 -50.00 -10.00 0.00 -72.76 -18.85 -6.50 -0.00 -0.01 -6.50 -0.00
147 -50.00 -10.00 0.00 -75.24 -9.90 0.00 -69.59 0.19 15.00 -50.00 -10.00 0.00 -72.01 -18.84 -5.87 -0.00 -0.01 -5.87 -0.00
148 -50.00 -10.00 0.00 -75.13 -10.00 0.00 -69.10 -0.09 15.00 -50.00 -10.00 0.00 -71.27 -18.81 -5.29 -0.00 -0.01 -5.28 -0.00
149 -50.00 -10.00 0.00 -75.03 -10.10 0.00 -68.60 -0.36 15.00 -50.00 -10.00 0.00 -70.53 -18.79 -4.75 -0.00 -0.00 -4.75 -0.00
150 -50.00 -10.00 0.00 -74.93 -10.20 0.00 -68.07 -0.62 15.00 -50.00 -10.00 0.00 -69.80 -18.76 -4.26 -0.00 -0.00 -4.26 -0.00
151 -50.00 -10.00 0.00 -74.83 -10.29 0.00 -67.52 -0.88 15.00 -50.00 -10.00 0.00 -69.08 -18.73 -3.81 -0.00 -0.00 -3.81 -0.00
152 -50.00 -10.00 0.00 -74.74 -10.39 0.00 -66.94 -1.13 15.00 -50.00 -10.00 0.00 -68.37 -18.70 -3.40 -0.00 -0.00 -3.40 -0.00
153 -50.00 -10.00 0.00 -74.64 -10.48 0.00 -66.33 -1.38 15.00 -50.00 -10.00 0.00 -67.66 -18.67 -3.03 -0.00 -0.00 -3.03 -0.00
154 -50.00 -10.00 0.00 -74.55 -10.57 0.00 -65.67 -1.61 15.00 -50.00 -10.00 0.00 -66.96 -18.63 -2.70 -0.00 -0.00 -2.70 -0.00
155 -50.00 -10.00 0.00 -74.45 -10.65 0.00 -64.95 -1.84 15.00 -50.00 -10.00 0.00 -66.25 -18.59 -2.40 -0.00 -0.00 -2.39 -0.00
156 -50.00 -10.00 0.00 -74.36 -10.74 0.00 -64.16 -2.06 15.00 -50.00 -10.00 0.00 -65.53 -18.54 -2.13 -0.00 -0.00 -2.12 -0.00
157 -50.00 -10.00 0.00 -74.27 -10.82 0.00 -63.27 -2.27 15.00 -50.00 -10.00 0.00 -64.80 -18.50 -1.88 -0.00 -0.00 -1.88 -0.00
158 -50.00 -10.00 0.00 -74.19 -10.90 0.00 -62.24 -2.47 15.00 -50.00 -10.00 0.00 -64.04 -18.45 -1.67 -0.00 -0.00 -1.67 -0.00
159 -50.00 -10.00 0.00 -74.10 -10.98 0.00 -61.00 -2.67 15.00 -50.00 -10.00 0.00 -63.25 -18.39 -1.47 -0.00 -0.00 -1.47 -0.00
160 -50.00 -10.00 0.00 -74.01 -11.06 0.00 -59.43 -2.85 15.00 -50.00 -10.00 0.00 -62.39 -18.34 -1.30 -0.00 -0.00 -1.30 -0.00
161 -50.00 -10.00 0.00 -73.93 -11.13 0.00 -57.31 -3.02 15.00 -50.00 -10.00 0.00 -61.45 -18.28 -1.15 -0.00 -0.00 -1.15 -0.00
162 -50.00 -10.00 0.00 -73.85 -11.20 0.00 -54.13 -3.18 15.00 -50.00 -10.00 0.00 -60.36 -18.21 -1.01 -0.00 -0.00 -1.01 -0.00
163 -50.00 -10.00 0.00 -73.77 -11.27 0.00 -48.48 -3.31 15.00 -50.00 -10.00 0.00 -59.04 -18.14 -0.89 -0.00 -0.00 -0.89 -0.00
164 -50.00 -10.00 0.00 -73.69 -11.34 0.00 -35.29 -3.39 15.00 -50.00 -10.00 0.00 -57.34 -18.07 -0.78 -0.00 -0.00 -0.78 -0.00
165 -50.00 -10.00 0.00 -73.61 -11.41 0.00 18.76 -3.24 15.00 -50.00 -10.00 0.00 -54.89 -17.98 -0.69 -0.00 -0.00 -0.69 -0.00
166 -50.00 -10.00 0.00 -73.53 -11.48 0.00 30.00 1.11 15.00 -50.00 -10.00 0.00 -50.86 -17.88 -0.61 -0.00 -0.00 -0.61 -0.00
167 -50.00 -10.00 0.00 -73.46 -11.54 0.00 -50.00 3.11 15.00 -50.00 -10.00 0.00 -48.47 -17.76 -5.12 -0.00 -0.00 -5.12 -0.00
168 -50.00 -10.00 0.00 -73.38 -11.60 0.00 -47.62 2.86 15.00 -50.00 -10.00 0.00 -47.66 -17.64 -8.76 -0.00 -0.00 -8.76 -0.00
169 -50.00 -10.00 0.00 -73.31 -11.66 0.00 -41.33 2.63 15.00 -50.00 -10.00 0.00 -49.00 -17.54 -11.24 -0.00 -0.00 -11.24 -0.00
170 -50.00 -10.00 0.00 -73.24 -11.72 0.00 -20.37 2.50 15.00 -50.00 -10.00 0.00 -54.31 -17.46 -12.82 -0.00 -0.00 -12.82 -0.00
171 -50.00 -10.00 0.00 -73.17 -11.78 0.00 30.00 2.95 15.00 -50.00 -10.00 0.00 -65.25 -17.43 -13.71 -0.00 -0.00 -13.71 -0.00
172 -50.00 -10.00 0.00 -73.10 -11.84 0.00 -50.00 4.95 15.00 -50.00 -10.00 0.00 -68.61 -17.43 -5.12 -0.00 -0.00 -5.12 -0.00
173 -50.00 -10.00 0.00 -73.03 -11.89 0.00 -49.94 4.65 15.00 -50.00 -10.00 0.00 -73.77 -17.45 -8.76 -0.00 -0.00 -8.76 -0.00
174 -50.00 -10.00 0.00 -72.97 -11.95 0.00 -49.44 4.36 15.00 -50.00 -10.00 0.00 -77.49 -17.49 -11.24 -0.00 -0.00 -11.24 -0.00
175 -50.00 -10.00 0.00 -72.90 -12.00 0.00 -47.90 4.08 15.00 -50.00 -10.00 0.00 -79.27 -17.53 -12.82 -0.00 -0.00 -12.82 -0.00
176 -50.00 -10.00 0.00 -72.84 -12.05 0.00 -43.72 3.83 15.00 -50.00 -10.00 0.00 -80.04 -17.58 -13.71 -0.00 -0.00 -13.71 -0.00
177 -50.00 -10.00 0.00 -72.78 -12.10 0.00 -30.89 3.63 15.00 -50.00 -10.00 0.00 -80.32 -17.63 -14.08 -0.00 -0.00 -14.08 -0.00
178 -50.00 -10.00 0.00 -72.72 -12.15 0.00 30.00 3.69 15.00 -50.00 -10.00 0.00 -80.30 -17.68 -14.05 -0.00 -0.00 -14.05 -0.00
179 -50.00 -10.00 0.00 -72.66 -12.20 0.00 -50.00 5.69 15.00 -50.00 -10.00 0.00 -74.11 -17.70 -5.12 -0.00 -0.00 -5.12 -0.00
180 -50.00 -10.00 0.00 -72.60 -12.25 0.00 -50.85 5.37 15.00 -50.00 -10.00 0.00 -75.56 -17.72 -8.76 -0.00 -0.00 -8.76 -0.00
181 -50.00 -10.00 0.00 -72.54 -12.29 0.00 -52.32 5.05 15.00 -50.00 -10.00 0.00 -77.69 -17.76 -11.24 -0.00 -0.00 -11.24 -0.00
182 -50.00 -10.00 0.00 -72.48 -12.33 0.00 -54.89 4.73 15.00 -50.00 -10.00 0.00 -79.12 -17.80 -12.82 -0.00 -0.00 -12.82 -0.00
183 -50.00 -10.00 0.00 -72.43 -12.38 0.00 -59.05 4.40 15.00 -50.00 -10.00 0.00 -79.86 -17.84 -13.71 -0.00 -0.00 -13.71 -0.00
184 -50.00 -10.00 0.00 -72.37 -12.42 0.00 -64.45 4.05 15.00 -50.00 -10.00 0.00 -80.14 -17.88 -14.08 -0.00 -0.00 -14.08 -0.00
185 -50.00 -10.00 0.00 -72.32 -12.46 0.00 -69.27 3.70 15.00 -50.00 -10.00 0.00 -80.12 -17.93 -14.05 -0.00 -0.00 -14.05 -0.00
186 -50.00 -10.00 0.00 -72.26 -12.50 0.00 -71.91 3.33 15.00 -50.00 -10.00 0.00 -79.89 -17.97 -13.74 -0.00 -0.00 -13.74 -0.00
187 -50.00 -10.00 0.00 -72.21 -12.54 0.00 -72.75 2.98 15.00 -50.00 -10.00 0.00 -79.50 -18.01 -13.22 -0.00 -0.00 -13.22 -0.00
188 -50.00 -10.00 0.00 -72.16 -12.58 0.00 -72.77 2.63 15.00 -50.00 -10.00 0.00 -79.01 -18.04 -12.57 -0.00 -0.00 -12.57 -0.00
189 -50.00 -10.00 0.00 -72.11 -12.61 0.00 -72.50 2.28 15.00 -50.00 -10.00 0.00 -78.43 -18.07 -11.83 -0.00 -0.00 -11.83 -0.00
190 -50.00 -10.00 0.00 -72.06 -12.65 0.00 -72.13 1.95 15.00 -50.00 -10.00 0.00 -77.79 -18.10 -11.04 -0.00 -0.00 -11.04 -0.00
191 -50.00 -10.00 0.00 -72.02 -12.69 0.00 -71.72 1.62 15.00 -50.00 -10.00 0.00 -77.11 -18.12 -10.24 -0.00 -0.00 -10.24 -0.00
192 -50.00 -10.00 0.00 -71.97 -12.72 0.00 -71.29 1.31 15.00 -50.00 -10.00 0.00 -76.41 -18.14 -9.43 -0.00 -0.00 -9.43 -0.00
193 -50.00 -10.00 0.00 -71.92 -12.75 0.00 -70.85 1.00 15.00 -50.00 -10.00 0.00 -75.69 -18.16 -8.65 -0.00 -0.00 -8.65 -0.00
194 -50.00 -10.00 0.00 -71.88 -12.79 0.00 -70.40 0.70 15.00 -50.00 -10.00 0.00 -74.97 -18.17 -7.89 -0.00 -0.00 -7.89 -0.00
195 -50.00 -10.00 0.00 -71.84 -12.82 0.00 -69.93 0.40 15.00 -50.00 -10.00 0.00 -74.24 -18.18 -7.17 -0.00 -0.00 -7.17 -0.00
196 -50.00 -10.00 0.00 -71.79 -12.85 0.00 -69.46 0.12 15.00 -50.00 -10.00 0.00 -73.51 -18.18 -6.50 -0.00 -0.00 -6.50 -0.00
197 -50.00 -10.00 0.00 -71.75 -12.88 0.00 -68.96 -0.16 15.00 -50.00 -10.00 0.00 -72.79 -18.18 -5.87 -0.00 -0.00 -5.87 -0.00
198 -50.00 -10.00 0.00 -71.71 -12.91 0.00 -68.45 -0.43 15.00 -50.00 -10.00 0.00 -72.09 -18.18 -5.28 -0.00 -0.00 -5.28 -0.00
199 -50.00 -10.00 0.00 -71.67 -12.94 0.00 -67.92 -0.70 15.00 -50.00 -10.00 0.00 -71.39 -18.17 -4.75 -0.00 -0.00 -4.75 -0.00
200 -50.00 -10.00 0.00 -71.63 -12.96 0.00 -67.37 -0.95 15.00 -50.00 -10.00 0.00 -70.71 -18.16 -4.26 -0.00 -0.00 -4.26 -0.00
201 -50.00 -10.00 0.00 -58.20 -12.94 15.00 -79.29 -1.25 0.00 -50.00 -10.00 0.00 -70.03 -18.15 -3.81 -0.00 -0.00 -3.81 -0.00
202 -50.00 -10.00 0.00 -43.93 -12.85 15.00 -81.69 -1.55 0.00 -50.00 -10.00 0.00 -69.38 -18.13 -3.40 -0.00 -0.00 -3.40 -0.00
203 -50.00 -10.00 0.00 -5.87 -12.62 15.00 -81.67 -1.85 0.00 -50.00 -10.00 0.00 -68.73 -18.11 -3.03 -0.00 -0.00 -3.03 -0.00
204 -50.00 -10.00 0.00 30.00 -10.81 15.00 -81.49 -2.14 0.00 -50.00 -10.00 0.00 -68.09 -18.09 -2.70 -0.00 -0.00 -2.70 -0.00
205 -50.00 -10.00 0.00 -50.00 -8.81 15.00 -81.30 -2.42 0.00 -50.00 -10.00 0.00 -72.33 -18.09 -8.00 -0.00 -5.61 -2.39 -0.00
206 -50.00 -10.00 0.00 -31.78 -8.76 15.00 -81.11 -2.69 0.00 -50.00 -10.00 0.00 -76.93 -18.12 -11.66 -0.00 -9.53 -2.12 -0.00
207 -50.00 -10.00 0.00 30.00 -8.38 15.00 -80.92 -2.96 0.00 -50.00 -10.00 0.00 -79.58 -18.15 -14.03 -0.00 -12.15 -1.88 -0.00
208 -50.00 -10.00 0.00 -50.00 -6.38 15.00 -80.74 -3.23 0.00 -50.00 -10.00 0.00 -75.24 -18.16 -7.28 -0.00 -5.61 -1.67 -0.00
209 -50.00 -10.00 0.00 -35.13 -6.39 15.00 -80.56 -3.49 0.00 -50.00 -10.00 0.00 -77.14 -18.19 -11.00 -0.00 -9.53 -1.47 -0.00
210 -50.00 -10.00 0.00 25.37 -6.16 15.00 -80.38 -3.74 0.00 -50.00 -10.00 0.00 -79.17 -18.22 -13.45 -0.00 -12.15 -1.30 -0.00
211 -50.00 -10.00 0.00 30.00 -0.51 15.00 -80.20 -3.98 0.00 -50.00 -10.00 0.00 -80.37 -18.26 -14.90 -0.00 -13.76 -1.15 -0.00
212 -50.00 -10.00 0.00 -50.00 1.49 15.00 -80.03 -4.22 0.00 -50.00 -10.00 0.00 -74.79 -18.27 -6.62 -0.00 -5.61 -1.01 -0.00
213 -50.00 -10.00 0.00 -45.55 1.28 15.00 -79.86 -4.46 0.00 -50.00 -10.00 0.00 -76.55 -18.28 -10.42 -0.00 -9.53 -0.89 -0.00
214 -50.00 -10.00 0.00 -33.15 1.12 15.00 -79.69 -4.69 0.00 -50.00 -10.00 0.00 -78.66 -18.31 -12.93 -0.00 -12.15 -0.78 -0.00
215 -50.00 -10.00 0.00 22.89 1.19 15.00 -79.52 -4.91 0.00 -50.00 -10.00 0.00 -79.95 -18.34 -14.45 -0.00 -13.76 -0.69 -0.00
216 -50.00 -10.00 0.00 30.00 6.06 15.00 -79.35 -5.13 0.00 -50.00 -10.00 0.00 -80.56 -18.38 -15.21 -0.00 -14.61 -0.61 -0.00
217 -50.00 -10.00 0.00 -50.00 8.06 15.00 -79.19 -5.35 0.00 -50.00 -10.00 0.00 -74.38 -18.38 -6.14 -0.00 -5.61 -0.53 -0.00
218 -50.00 -10.00 0.00 -53.78 7.69 15.00 -79.03 -5.56 0.00 -50.00 -10.00 0.00 -76.05 -18.40 -10.00 -0.00 -9.53 -0.47 -0.00
219 -50.00 -10.00 0.00 -60.54 7.29 15.00 -78.87 -5.76 0.00 -50.00 -10.00 0.00 -78.24 -18.42 -12.55 -0.00 -12.15 -0.41 -0.00
220 -50.00 -10.00 0.00 -68.90 6.87 15.00 -78.72 -5.96 0.00 -50.00 -10.00 0.00 -79.61 -18.45 -14.12 -0.00 -13.76 -0.36 -0.00
221 -50.00 -10.00 0.00 -74.34 6.44 15.00 -78.56 -6.15 0.00 -50.00 -10.00 0.00 -80.27 -18.48 -14.92 -0.00 -14.61 -0.31 -0.00
222 -50.00 -10.00 0.00 -75.91 6.00 15.00 -78.41 -6.34 0.00 -50.00 -10.00 0.00 -80.47 -18.51 -15.17 -0.00 -14.89 -0.28 -0.00
223 -50.00 -10.00 0.00 -75.95 5.58 15.00 -78.26 -6.53 0.00 -50.00 -10.00 0.00 -80.35 -18.55 -15.00 -0.00 -14.76 -0.24 -0.00
224 -50.00 -10.00 0.00 -75.65 5.17 15.00 -78.11 -6.71 0.00 -50.00 -10.00 0.00 -80.03 -18.58 -14.54 -0.00 -14.33 -0.21 -0.00
225 -50.00 -10.00 0.00 -75.28 4.76 15.00 -77.97 -6.89 0.00 -50.00 -10.00 0.00 -79.55 -18.60 -13.88 -0.00 -13.70 -0.18 -0.00
226 -50.00 -10.00 0.00 -74.89 4.37 15.00 -77.82 -7.06 0.00 -50.00 -10.00 0.00 -78.96 -18.62 -13.09 -0.00 -12.93 -0.16 -0.00
227 -50.00 -10.00 0.00 -74.49 3.98 15.00 -77.68 -7.23 0.00 -50.00 -10.00 0.00 -78.29 -18.64 -12.22 -0.00 -12.08 -0.14 -0.00
228 -50.00 -10.00 0.00 -74.09 3.60 15.00 -77.54 -7.40 0.00 -50.00 -10.00 0.00 -77.57 -18.66 -11.32 -0.00 -11.20 -0.12 -0.00
229 -50.00 -10.00 0.00 -73.69 3.24 15.00 -77.40 -7.56 0.00 -50.00 -10.00 0.00 -76.81 -18.67 -10.41 -0.00 -10.30 -0.11 -0.00
230 -50.00 -10.00 0.00 -73.28 2.88 15.00 -77.27 -7.72 0.00 -50.00 -10.00 0.00 -76.03 -18.68 -9.52 -0.00 -9.43 -0.09 -0.00
231 -50.00 -10.00 0.00 -72.87 2.53 15.00 -77.13 -7.87 0.00 -50.00 -10.00 0.00 -75.23 -18.68 -8.66 -0.00 -8.58 -0.08 -0.00
232 -50.00 -10.00 0.00 -72.46 2.19 15.00 -77.00 -8.02 0.00 -50.00 -10.00 0.00 -74.43 -18.68 -7.85 -0.00 -7.77 -0.07 -0.00
233 -50.00 -10.00 0.00 -72.04 1.86 15.00 -76.87 -8.17 0.00 -50.00 -10.00 0.00 -73.63 -18.67 -7.08 -0.00 -7.02 -0.06 -0.00
234 -50.00 -10.00 0.00 -71.61 1.53 15.00 -76.74 -8.31 0.00 -50.00 -10.00 0.00 -72.84 -18.66 -6.37 -0.00 -6.31 -0.05 -0.00
235 -50.00 -10.00 0.00 -71.17 1.22 15.00 -76.62 -8.45 0.00 -50.00 -10.00 0.00 -72.06 -18.65 -5.71 -0.00 -5.66 -0.05 -0.00
236 -50.00 -10.00 0.00 -70.72 0.91 15.00 -76.49 -8.59 0.00 -50.00 -10.00 0.00 -71.28 -18.63 -5.10 -0.00 -5.06 -0.04 -0.00
237 -50.00 -10.00 0.00 -70.27 0.61 15.00 -76.37 -8.72 0.00 -50.00 -10.00 0.00 -70.52 -18.61 -4.55 -0.00 -4.51 -0.04 -0.00
238 -50.00 -10.00 0.00 -69.80 0.32 15.00 -76.25 -8.85 0.00 -50.00 -10.00 0.00 -69.77 -18.59 -4.05 -0.00 -4.02 -0.03 -0.00
239 -50.00 -10.00 0.00 -69.32 0.04 15.00 -76.13 -8.98 0.00 -50.00 -10.00 0.00 -69.03 -18.56 -3.60 -0.00 -3.57 -0.03 -0.00
240 -50.00 -10.00 0.00 -68.82 -0.24 15.00 -76.01 -9.11 0.00 -50.00 -10.00 0.00 -68.31 -18.53 -3.19 -0.00 -3.16 -0.02 -0.00
241 -50.00 -10.00 0.00 -68.31 -0.51 15.00 -75.89 -9.23 0.00 -50.00 -10.00 0.00 -67.59 -18.50 -2.82 -0.00 -2.80 -0.02 -0.00
242 -50.00 -10.00 0.00 -67.77 -0.77 15.00 -75.78 -9.35 0.00 -50.00 -10.00 0.00 -66.87 -18.46 -2.49 -0.00 -2.47 -0.02 -0.00
243 -50.00 -10.00 0.00 -67.21 -1.02 15.00 -75.67 -9.46 0.00 -50.00 -10.00 0.00 -66.15 -18.43 -2.20 -0.00 -2.18 -0.02 -0.00
244 -50.00 -10.00 0.00 -66.61 -1.27 15.00 -75.56 -9.58 0.00 -50.00 -10.00 0.00 -65.43 -18.38 -1.94 -0.00 -1.92 -0.01 -0.00
245 -50.00 -10.00 0.00 -65.97 -1.51 15.00 -75.45 -9.69 0.00 -50.00 -10.00 0.00 -64.70 -18.34 -1.70 -0.00 -1.69 -0.01 -0.00
246 -50.00 -10.00 0.00 -65.28 -1.74 15.00 -75.34 -9.79 0.00 -50.00 -10.00 0.00 -63.94 -18.29 -1.50 -0.00 -1.49 -0.01 -0.00
247 -50.00 -10.00 0.00 -64.53 -1.96 15.00 -75.24 -9.90 0.00 -50.00 -10.00 0.00 -63.15 -18.24 -1.31 -0.00 -1.30 -0.01 -0.00
248 -50.00 -10.00 0.00 -63.68 -2.18 15.00 -75.13 -10.00 0.00 -50.00 -10.00 0.00 -62.30 -18.19 -1.15 -0.00 -1.14 -0.01 -0.00
249 -50.00 -10.00 0.00 -62.72 -2.38 15.00 -75.03 -10.10 0.00 -50.00 -10.00 0.00 -61.36 -18.13 -1.01 -0.00 -1.00 -0.01 -0.00
250 -50.00 -10.00 0.00 -61.58 -2.58 15.00 -74.93 -10.20 0.00 -50.00 -10.00 0.00 -60.28 -18.07 -0.88 -0.00 -0.88 -0.01 -0.00
251 -50.00 -10.00 0.00 -60.18 -2.77 15.00 -74.83 -10.29 0.00 -50.00 -10.00 0.00 -58.97 -18.01 -0.77 -0.00 -0.77 -0.00 -0.00
252 -50.00 -10.00 0.00 -58.35 -2.95 15.00 -74.74 -10.39 0.00 -50.00 -10.00 0.00 -57.26 -17.93 -0.67 -0.00 -0.67 -0.00 -0.00
253 -50.00 -10.00 0.00 -55.74 -3.11 15.00 -74.64 -10.48 0.00 -50.00 -10.00 0.00 -54.82 -17.85 -0.59 -0.00 -0.59 -0.00 -0.00
254 -50.00 -10.00 0.00 -51.48 -3.26 15.00 -74.55 -10.57 0.00 -50.00 -10.00 0.00 -50.79 -17.74 -0.51 -0.00 -0.51 -0.00 -0.00
255 -50.00 -10.00 0.00 -42.88 -3.36 15.00 -74.45 -10.65 0.00 -50.00 -10.00 0.00 -42.51 -17.60 -0.45 -0.00 -0.45 -0.00 -0.00
256 -50.00 -10.00 0.00 -16.95 -3.36 15.00 -74.36 -10.74 0.00 -50.00 -10.00 0.00 -17.34 -17.34 -0.39 -0.00 -0.39 -0.00 -0.00
257 -50.00 -10.00 0.00 30.00 -2.57 15.00 -74.27 -10.82 0.00 -50.00 -10.00 0.00 30.00 -16.12 -0.34 -0.00 -0.34 -0.00 -0.00
258 -50.00 -10.00 0.00 -50.00 -0.57 15.00 -74.19 -10.90 0.00 -50.00 -10.00 0.00 -65.00 -10.12 -0.34 -0.00 -0.34 -0.00 -0.00
259 -50.00 -10.00 0.00 -42.88 -0.73 15.00 -74.10 -10.98 0.00 -50.00 -10.00 0.00 -78.45 -10.31 -9.53 -0.00 -9.53 -0.00 -0.00
260 -50.00 -10.00 0.00 -21.08 -0.80 15.00 -74.01 -11.06 0.00 -50.00 -10.00 0.00 -83.52 -10.52 -12.15 -0.00 -12.15 -0.00 -0.00
261 -50.00 -10.00 0.00 30.00 -0.27 15.00 -73.93 -11.13 0.00 -50.00 -10.00 0.00 -84.55 -10.74 -13.76 -0.00 -13.76 -0.00 -0.00
262 -50.00 -10.00 0.00 -50.00 1.73 15.00 -73.85 -11.20 0.00 -50.00 -10.00 0.00 -79.55 -10.92 -5.61 -0.00 -5.61 -0.00 -0.00
263 -50.00 -10.00 0.00 -45.85 1.51 15.00 -73.77 -11.27 0.00 -50.00 -10.00 0.00 -81.63 -11.11 -9.53 -0.00 -9.53 -0.00 -0.00
264 -50.00 -10.00 0.00 -34.41 1.34 15.00 -73.69 -11.34 0.00 -50.00 -10.00 0.00 -83.23 -11.30 -12.15 -0.00 -12.15 -0.00 -0.00
265 -50.00 -10.00 0.00 15.06 1.37 15.00 -73.61 -11.41 0.00 -50.00 -10.00 0.00 -84.11 -11.50 -13.76 -0.00 -13.76 -0.00 -0.00
266 -50.00 -10.00 0.00 30.00 4.97 15.00 -73.53 -11.48 0.00 -50.00 -10.00 0.00 -84.49 -11.69 -14.61 -0.00 -14.61 -0.00 -0.00
267 -50.00 -10.00 0.00 -50.00 6.97 15.00 -73.46 -11.54 0.00 -50.00 -10.00 0.00 -78.93 -11.85 -5.61 -0.00 -5.61 -0.00 -0.00
268 -50.00 -10.00 0.00 -52.44 6.62 15.00 -73.38 -11.60 0.00 -50.00 -10.00 0.00 -80.98 -12.02 -9.53 -0.00 -9.53 -0.00 -0.00
269 -50.00 -10.00 0.00 -56.96 6.26 15.00 -73.31 -11.66 0.00 -50.00 -10.00 0.00 -82.66 -12.19 -12.15 -0.00 -12.15 -0.00 -0.00
270 -50.00 -10.00 0.00 -63.74 5.88 15.00 -73.24 -11.72 0.00 -50.00 -10.00 0.00 -83.58 -12.37 -13.76 -0.00 -13.76 -0.00 -0.00
271 -50.00 -10.00 0.00 -70.38 5.48 15.00 -73.17 -11.78 0.00 -50.00 -10.00 0.00 -83.99 -12.54 -14.61 -0.00 -14.61 -0.00 -0.00
272 -50.00 -10.00 0.00 -73.87 5.07 15.00 -73.10 -11.84 0.00 -50.00 -10.00 0.00 -84.06 -12.71 -14.89 -0.00 -14.89 -0.00 -0.00
273 -50.00 -10.00 0.00 -74.75 4.67 15.00 -73.03 -11.89 0.00 -50.00 -10.00 0.00 -83.89 -12.87 -14.76 -0.00 -14.76 -0.00 -0.00
274 -50.00 -10.00 0.00 -74.69 4.28 15.00 -72.97 -11.95 0.00 -50.00 -10.00 0.00 -83.55 -13.03 -14.33 -0.00 -14.33 -0.00 -0.00
275 -50.00 -10.00 0.00 -74.38 3.90 15.00 -72.90 -12.00 0.00 -50.00 -10.00 0.00 -83.08 -13.19 -13.70 -0.00 -13.70 -0.00 -0.00
276 -50.00 -10.00 0.00 -74.00 3.52 15.00 -72.84 -12.05 0.00 -50.00 -10.00 0.00 -82.51 -13.34 -12.93 -0.00 -12.93 -0.00 -0.00
277 -50.00 -10.00 0.00 -73.60 3.16 15.00 -72.78 -12.10 0.00 -50.00 -10.00 0.00 -81.89 -13.48 -12.08 -0.00 -12.08 -0.00 -0.00
278 -50.00 -10.00 0.00 -73.20 2.80 15.00 -72.72 -12.15 0.00 -50.00 -10.00 0.00 -81.23 -13.62 -11.20 -0.00 -11.20 -0.00 -0.00
279 -50.00 -10.00 0.00 -72.78 2.46 15.00 -72.66 -12.20 0.00 -50.00 -10.00 0.00 -80.54 -13.75 -10.30 -0.00 -10.30 -0.00 -0.00
280 -50.00 -10.00 0.00 -72.37 2.12 15.00 -72.60 -12.25 0.00 -50.00 -10.00 0.00 -79.84 -13.87 -9.43 -0.00 -9.43 -0.00 -0.00
281 -50.00 -10.00 0.00 -71.94 1.79 15.00 -72.54 -12.29 0.00 -50.00 -10.00 0.00 -79.14 -13.99 -8.58 -0.00 -8.58 -0.00 -0.00
282 -50.00 -10.00 0.00 -71.51 1.47 15.00 -72.48 -12.33 0.00 -50.00 -10.00 0.00 -78.44 -14.10 -7.77 -0.00 -7.77 -0.00 -0.00
283 -50.00 -10.00 0.00 -71.07 1.15 15.00 -72.43 -12.38 0.00 -50.00 -10.00 0.00 -77.76 -14.21 -7.02 -0.00 -7.02 -0.00 -0.00
284 -50.00 -10.00 0.00 -70.63 0.85 15.00 -72.37 -12.42 0.00 -50.00 -10.00 0.00 -77.09 -14.31 -6.31 -0.00 -6.31 -0.00 -0.00
285 -50.00 -10.00 0.00 -70.17 0.55 15.00 -72.32 -12.46 0.00 -50.00 -10.00 0.00 -76.44 -14.41 -5.66 -0.00 -5.66 -0.00 -0.00
286 -50.00 -10.00 0.00 -69.70 0.26 15.00 -72.26 -12.50 0.00 -50.00 -10.00 0.00 -75.81 -14.50 -5.06 -0.00 -5.06 -0.00 -0.00
287 -50.00 -10.00 0.00 -69.21 -0.02 15.00 -72.21 -12.54 0.00 -50.00 -10.00 0.00 -75.21 -14.58 -4.51 -0.00 -4.51 -0.00 -0.00
288 -50.00 -10.00 0.00 -68.71 -0.30 15.00 -72.16 -12.58 0.00 -50.00 -10.00 0.00 -74.63 -14.66 -4.02 -0.00 -4.02 -0.00 -0.00
289 -50.00 -10.00 0.00 -68.19 -0.56 15.00 -72.11 -12.61 0.00 -50.00 -10.00 0.00 -74.07 -14.74 -3.57 -0.00 -3.57 -0.00 -0.00
290 -50.00 -10.00 0.00 -67.65 -0.82 15.00 -72.06 -12.65 0.00 -50.00 -10.00 0.00 -73.54 -14.81 -3.16 -0.00 -3.16 -0.00 -0.00
291 -50.00 -10.00 0.00 -67.08 -1.08 15.00 -72.02 -12.69 0.00 -50.00 -10.00 0.00 -73.04 -14.88 -2.80 -0.00 -2.80 -0.00 -0.00
292 -50.00 -10.00 0.00 -66.47 -1.32 15.00 -71.97 -12.72 0.00 -50.00 -10.00 0.00 -72.56 -14.95 -2.47 -0.00 -2.47 -0.00 -0.00
293 -50.00 -10.00 0.00 -65.83 -1.56 15.00 -71.92 -12.75 0.00 -50.00 -10.00 0.00 -72.11 -15.01 -2.18 -0.00 -2.18 -0.00 -0.00
294 -50.00 -10.00 0.00 -65.12 -1.79 15.00 -71.88 -12.79 0.00 -50.00 -10.00 0.00 -71.68 -15.07 -1.92 -0.00 -1.92 -0.00 -0.00
295 -50.00 -10.00 0.00 -64.35 -2.01 15.00 -71.84 -12.82 0.00 -50.00 -10.00 0.00 -71.27 -15.12 -1.69 -0.00 -1.69 -0.00 -0.00
296 -50.00 -10.00 0.00 -63.49 -2.22 15.00 -71.79 -12.85 0.00 -50.00 -10.00 0.00 -70.89 -15.18 -1.49 -0.00 -1.49 -0.00 -0.00
297 -50.00 -10.00 0.00 -62.49 -2.43 15.00 -71.75 -12.88 0.00 -50.00 -10.00 0.00 -70.53 -15.22 -1.30 -0.00 -1.30 -0.00 -0.00
298 -50.00 -10.00 0.00 -61.31 -2.62 15.00 -71.71 -12.91 0.00 -50.00 -10.00 0.00 -70.18 -15.27 -1.14 -0.00 -1.14 -0.00 -0.00
299 -50.00 -10.00 0.00 -59.83 -2.81 15.00 -71.67 -12.94 0.00 -50.00 -10.00 0.00 -69.86 -15.31 -1.00 -0.00 -1.00 -0.00 -0.00
300 -50.00 -10.00 0.00 -57.87 -2.99 15.00 -71.63 -12.96 0.00 -50.00 -10.00 0.00 -69.56 -15.36 -0.88 -0.00 -0.88 -0.00 -0.00