1 -50.00 -10.00 0.00 -30.12 -9.92 15.00 -50.00 -10.00 0.00 -50.00 -10.00 0.00 -64.76 -16.25 0.00 -0.00 -0.00 -0.00 -0.00
2 -50.00 -10.00 0.00 30.00 -9.46 15.00 -50.00 -10.00 0.00 -50.00 -10.00 0.00 -64.57 -16.25 0.00 -0.00 -0.00 -0.00 -0.00
3 -50.00 -10.00 0.00 -50.00 -7.46 15.00 -50.00 -10.00 0.00 -50.00 -10.00 0.00 -69.64 -16.27 -5.61 -0.00 -5.61 -0.00 -0.00
4 -50.00 -10.00 0.00 -33.65 -7.44 15.00 -50.00 -10.00 0.00 -50.00 -10.00 0.00 -75.76 -16.32 -9.53 -0.00 -9.53 -0.00 -0.00
5 -50.00 -10.00 0.00 30.00 -7.15 15.00 -50.00 -10.00 0.00 -50.00 -10.00 0.00 -79.34 -16.39 -12.15 -0.00 -12.15 -0.00 -0.00
6 -50.00 -10.00 0.00 -50.00 -5.15 15.00 -50.00 -10.00 0.00 -50.00 -10.00 0.00 -75.27 -16.44 -5.61 -0.00 -5.61 -0.00 -0.00
7 -50.00 -10.00 0.00 -36.80 -5.19 15.00 -50.00 -10.00 0.00 -50.00 -10.00 0.00 -77.33 -16.50 -9.53 -0.00 -9.53 -0.00 -0.00
8 -50.00 -10.00 0.00 13.78 -5.03 15.00 -50.00 -10.00 0.00 -50.00 -10.00 0.00 -79.46 -16.57 -12.15 -0.00 -12.15 -0.00 -0.00
9 -50.00 -10.00 0.00 30.00 -1.37 15.00 -50.00 -10.00 0.00 -50.00 -10.00 0.00 -80.72 -16.64 -13.76 -0.00 -13.76 -0.00 -0.00
10 -50.00 -10.00 0.00 -50.00 0.63 15.00 -50.00 -10.00 0.00 -50.00 -10.00 0.00 -75.27 -16.68 -5.61 -0.00 -5.61 -0.00 -0.00
11 -50.00 -10.00 0.00 -44.44 0.44 15.00 -50.00 -10.00 0.00 -50.00 -10.00 0.00 -77.15 -16.74 -9.53 -0.00 -9.53 -0.00 -0.00
12 -50.00 -10.00 0.00 -28.35 0.32 15.00 -50.00 -10.00 0.00 -50.00 -10.00 0.00 -79.28 -16.80 -12.15 -0.00 -12.15 -0.00 -0.00
13 -50.00 -10.00 0.00 30.00 0.54 15.00 -50.00 -10.00 0.00 -50.00 -10.00 0.00 -80.55 -16.86 -13.76 -0.00 -13.76 -0.00 -0.00
14 -50.00 -10.00 0.00 -50.00 2.54 15.00 -50.00 -10.00 0.00 -50.00 -10.00 0.00 -75.09 -16.90 -5.61 -0.00 -5.61 -0.00 -0.00
15 -50.00 -10.00 0.00 -46.90 2.30 15.00 -50.00 -10.00 0.00 -50.00 -10.00 0.00 -76.96 -16.95 -9.53 -0.00 -9.53 -0.00 -0.00
16 -50.00 -10.00 0.00 -38.60 2.10 15.00 -50.00 -10.00 0.00 -50.00 -10.00 0.00 -79.10 -17.01 -12.15 -0.00 -12.15 -0.00 -0.00
17 -50.00 -10.00 0.00 -7.87 2.03 15.00 -50.00 -10.00 0.00 -50.00 -10.00 0.00 -80.40 -17.07 -13.76 -0.00 -13.76 -0.00 -0.00
18 -50.00 -10.00 0.00 30.00 3.20 15.00 -50.00 -10.00 0.00 -50.00 -10.00 0.00 -81.02 -17.13 -14.61 -0.00 -14.61 -0.00 -0.00
19 -50.00 -10.00 0.00 -50.00 5.20 15.00 -50.00 -10.00 0.00 -50.00 -10.00 0.00 -74.96 -17.16 -5.61 -0.00 -5.61 -0.00 -0.00
20 -50.00 -10.00 0.00 -50.25 4.89 15.00 -50.00 -10.00 0.00 -50.00 -10.00 0.00 -76.74 -17.20 -9.53 -0.00 -9.53 -0.00 -0.00
21 -50.00 -10.00 0.00 -50.43 4.60 15.00 -50.00 -10.00 0.00 -50.00 -10.00 0.00 -78.90 -17.25 -12.15 -0.00 -12.15 -0.00 -0.00
22 -50.00 -10.00 0.00 -50.44 4.30 15.00 -50.00 -10.00 0.00 -50.00 -10.00 0.00 -80.22 -17.31 -13.76 -0.00 -13.76 -0.00 -0.00
23 -50.00 -10.00 0.00 -50.12 4.02 15.00 -50.00 -10.00 0.00 -50.00 -10.00 0.00 -80.85 -17.37 -14.61 -0.00 -14.61 -0.00 -0.00
24 -50.00 -10.00 0.00 -49.03 3.74 15.00 -50.00 -10.00 0.00 -50.00 -10.00 0.00 -81.04 -17.43 -14.89 -0.00 -14.89 -0.00 -0.00
25 -50.00 -10.00 0.00 -46.12 3.48 15.00 -50.00 -10.00 0.00 -50.00 -10.00 0.00 -80.94 -17.48 -14.76 -0.00 -14.76 -0.00 -0.00
26 -50.00 -10.00 0.00 -37.98 3.26 15.00 -50.00 -10.00 0.00 -50.00 -10.00 0.00 -80.62 -17.54 -14.33 -0.00 -14.33 -0.00 -0.00
27 -50.00 -10.00 0.00 -6.96 3.16 15.00 -50.00 -10.00 0.00 -50.00 -10.00 0.00 -80.16 -17.59 -13.70 -0.00 -13.70 -0.00 -0.00
28 -50.00 -10.00 0.00 30.00 4.36 15.00 -50.00 -10.00 0.00 -50.00 -10.00 0.00 -79.58 -17.63 -12.93 -0.00 -12.93 -0.00 -0.00
29 -50.00 -10.00 0.00 -50.00 6.36 15.00 -50.00 -10.00 0.00 -50.00 -10.00 0.00 -74.40 -17.65 -5.61 -0.00 -5.61 -0.00 -0.00
30 -50.00 -10.00 0.00 -51.69 6.03 15.00 -50.00 -10.00 0.00 -50.00 -10.00 0.00 -76.25 -17.68 -9.53 -0.00 -9.53 -0.00 -0.00
31 -50.00 -10.00 0.00 -54.83 5.69 15.00 -50.00 -10.00 0.00 -50.00 -10.00 0.00 -78.49 -17.72 -12.15 -0.00 -12.15 -0.00 -0.00
32 -50.00 -10.00 0.00 -60.01 5.33 15.00 -50.00 -10.00 0.00 -50.00 -10.00 0.00 -79.87 -17.76 -13.76 -0.00 -13.76 -0.00 -0.00
33 -50.00 -10.00 0.00 -66.46 4.96 15.00 -50.00 -10.00 0.00 -50.00 -10.00 0.00 -80.53 -17.81 -14.61 -0.00 -14.61 -0.00 -0.00
34 -50.00 -10.00 0.00 -71.44 4.58 15.00 -50.00 -10.00 0.00 -50.00 -10.00 0.00 -80.74 -17.86 -14.89 -0.00 -14.89 -0.00 -0.00
35 -50.00 -10.00 0.00 -73.57 4.19 15.00 -50.00 -10.00 0.00 -50.00 -10.00 0.00 -80.64 -17.90 -14.76 -0.00 -14.76 -0.00 -0.00
36 -50.00 -10.00 0.00 -73.99 3.81 15.00 -50.00 -10.00 0.00 -50.00 -10.00 0.00 -80.33 -17.95 -14.33 -0.00 -14.33 -0.00 -0.00
37 -50.00 -10.00 0.00 -73.82 3.44 15.00 -50.00 -10.00 0.00 -50.00 -10.00 0.00 -79.86 -17.99 -13.70 -0.00 -13.70 -0.00 -0.00
38 -50.00 -10.00 0.00 -73.48 3.08 15.00 -50.00 -10.00 0.00 -50.00 -10.00 0.00 -79.29 -18.02 -12.93 -0.00 -12.93 -0.00 -0.00
39 -50.00 -10.00 0.00 -73.09 2.72 15.00 -50.00 -10.00 0.00 -50.00 -10.00 0.00 -78.64 -18.06 -12.08 -0.00 -12.08 -0.00 -0.00
40 -50.00 -10.00 0.00 -72.68 2.38 15.00 -50.00 -10.00 0.00 -50.00 -10.00 0.00 -77.94 -18.09 -11.20 -0.00 -11.20 -0.00 -0.00
41 -50.00 -10.00 0.00 -72.27 2.04 15.00 -50.00 -10.00 0.00 -50.00 -10.00 0.00 -77.19 -18.11 -10.30 -0.00 -10.30 -0.00 -0.00
42 -50.00 -10.00 0.00 -71.84 1.71 15.00 -50.00 -10.00 0.00 -50.00 -10.00 0.00 -76.43 -18.13 -9.43 -0.00 -9.43 -0.00 -0.00
43 -50.00 -10.00 0.00 -71.41 1.39 15.00 -50.00 -10.00 0.00 -50.00 -10.00 0.00 -75.66 -18.15 -8.58 -0.00 -8.58 -0.00 -0.00
44 -50.00 -10.00 0.00 -70.97 1.08 15.00 -50.00 -10.00 0.00 -50.00 -10.00 0.00 -74.88 -18.16 -7.77 -0.00 -7.77 -0.00 -0.00
45 -50.00 -10.00 0.00 -70.52 0.78 15.00 -50.00 -10.00 0.00 -50.00 -10.00 0.00 -74.11 -18.16 -7.02 -0.00 -7.02 -0.00 -0.00
46 -50.00 -10.00 0.00 -70.06 0.48 15.00 -50.00 -10.00 0.00 -50.00 -10.00 0.00 -73.34 -18.17 -6.31 -0.00 -6.31 -0.00 -0.00
47 -50.00 -10.00 0.00 -69.59 0.19 15.00 -50.00 -10.00 0.00 -50.00 -10.00 0.00 -72.59 -18.17 -5.66 -0.00 -5.66 -0.00 -0.00
48 -50.00 -10.00 0.00 -69.10 -0.09 15.00 -50.00 -10.00 0.00 -50.00 -10.00 0.00 -71.84 -18.16 -5.06 -0.00 -5.06 -0.00 -0.00
49 -50.00 -10.00 0.00 -68.60 -0.36 15.00 -50.00 -10.00 0.00 -50.00 -10.00 0.00 -71.11 -18.16 -4.51 -0.00 -4.51 -0.00 -0.00
50 -50.00 -10.00 0.00 -68.07 -0.62 15.00 -50.00 -10.00 0.00 -50.00 -10.00 0.00 -70.40 -18.14 -4.02 -0.00 -4.02 -0.00 -0.00
51 -50.00 -10.00 0.00 -67.52 -0.88 15.00 -50.00 -10.00 0.00 -50.00 -10.00 0.00 -69.71 -18.13 -3.57 -0.00 -3.57 -0.00 -0.00
52 -50.00 -10.00 0.00 -66.94 -1.13 15.00 -50.00 -10.00 0.00 -50.00 -10.00 0.00 -69.02 -18.11 -3.16 -0.00 -3.16 -0.00 -0.00
53 -50.00 -10.00 0.00 -66.33 -1.38 15.00 -50.00 -10.00 0.00 -50.00 -10.00 0.00 -68.35 -18.09 -2.80 -0.00 -2.80 -0.00 -0.00
54 -50.00 -10.00 0.00 -65.67 -1.61 15.00 -50.00 -10.00 0.00 -50.00 -10.00 0.00 -67.70 -18.07 -2.47 -0.00 -2.47 -0.00 -0.00
55 -50.00 -10.00 0.00 -64.95 -1.84 15.00 -50.00 -10.00 0.00 -50.00 -10.00 0.00 -67.05 -18.04 -2.18 -0.00 -2.18 -0.00 -0.00
56 -50.00 -10.00 0.00 -64.16 -2.06 15.00 -50.00 -10.00 0.00 -50.00 -10.00 0.00 -66.41 -18.01 -1.92 -0.00 -1.92 -0.00 -0.00
57 -50.00 -10.00 0.00 -63.27 -2.27 15.00 -50.00 -10.00 0.00 -50.00 -10.00 0.00 -65.78 -17.98 -1.69 -0.00 -1.69 -0.00 -0.00
58 -50.00 -10.00 0.00 -62.24 -2.47 15.00 -50.00 -10.00 0.00 -50.00 -10.00 0.00 -65.14 -17.95 -1.49 -0.00 -1.49 -0.00 -0.00
59 -50.00 -10.00 0.00 -61.00 -2.67 15.00 -50.00 -10.00 0.00 -50.00 -10.00 0.00 -64.50 -17.91 -1.30 -0.00 -1.30 -0.00 -0.00
60 -50.00 -10.00 0.00 -59.43 -2.85 15.00 -50.00 -10.00 0.00 -50.00 -10.00 0.00 -63.85 -17.87 -1.14 -0.00 -1.14 -0.00 -0.00
61 -50.00 -10.00 0.00 -57.31 -3.02 15.00 -50.00 -10.00 0.00 -50.00 -10.00 0.00 -63.17 -17.83 -1.00 -0.00 -1.00 -0.00 -0.00
62 -50.00 -10.00 0.00 -54.13 -3.18 15.00 -50.00 -10.00 0.00 -50.00 -10.00 0.00 -62.46 -17.79 -0.88 -0.00 -0.88 -0.00 -0.00
63 -50.00 -10.00 0.00 -48.48 -3.31 15.00 -50.00 -10.00 0.00 -50.00 -10.00 0.00 -61.68 -17.74 -0.77 -0.00 -0.77 -0.00 -0.00
64 -50.00 -10.00 0.00 -35.29 -3.39 15.00 -50.00 -10.00 0.00 -50.00 -10.00 0.00 -60.82 -17.69 -0.67 -0.00 -0.67 -0.00 -0.00
65 -50.00 -10.00 0.00 18.76 -3.24 15.00 -50.00 -10.00 0.00 -50.00 -10.00 0.00 -59.82 -17.63 -0.59 -0.00 -0.59 -0.00 -0.00
66 -50.00 -10.00 0.00 30.00 1.11 15.00 -50.00 -10.00 0.00 -50.00 -10.00 0.00 -58.58 -17.57 -0.51 -0.00 -0.51 -0.00 -0.00
67 -50.00 -10.00 0.00 -50.00 3.11 15.00 -50.00 -10.00 0.00 -50.00 -10.00 0.00 -62.48 -17.54 -5.61 -0.00 -5.61 -0.00 -0.00
68 -50.00 -10.00 0.00 -47.62 2.86 15.00 -50.00 -10.00 0.00 -50.00 -10.00 0.00 -70.39 -17.54 -9.53 -0.00 -9.53 -0.00 -0.00
69 -50.00 -10.00 0.00 -41.33 2.63 15.00 -50.00 -10.00 0.00 -50.00 -10.00 0.00 -77.09 -17.57 -12.15 -0.00 -12.15 -0.00 -0.00
70 -50.00 -10.00 0.00 -20.37 2.50 15.00 -50.00 -10.00 0.00 -50.00 -10.00 0.00 -79.79 -17.62 -13.76 -0.00 -13.76 -0.00 -0.00
71 -50.00 -10.00 0.00 30.00 2.95 15.00 -50.00 -10.00 0.00 -50.00 -10.00 0.00 -80.62 -17.67 -14.61 -0.00 -14.61 -0.00 -0.00
72 -50.00 -10.00 0.00 -50.00 4.95 15.00 -50.00 -10.00 0.00 -50.00 -10.00 0.00 -74.52 -17.69 -5.61 -0.00 -5.61 -0.00 -0.00
73 -50.00 -10.00 0.00 -49.94 4.65 15.00 -50.00 -10.00 0.00 -50.00 -10.00 0.00 -76.25 -17.72 -9.53 -0.00 -9.53 -0.00 -0.00
74 -50.00 -10.00 0.00 -49.44 4.36 15.00 -50.00 -10.00 0.00 -50.00 -10.00 0.00 -78.46 -17.75 -12.15 -0.00 -12.15 -0.00 -0.00
75 -50.00 -10.00 0.00 -47.90 4.08 15.00 -50.00 -10.00 0.00 -50.00 -10.00 0.00 -79.84 -17.80 -13.76 -0.00 -13.76 -0.00 -0.00
76 -50.00 -10.00 0.00 -43.72 3.83 15.00 -50.00 -10.00 0.00 -50.00 -10.00 0.00 -80.51 -17.85 -14.61 -0.00 -14.61 -0.00 -0.00
77 -50.00 -10.00 0.00 -30.89 3.63 15.00 -50.00 -10.00 0.00 -50.00 -10.00 0.00 -80.72 -17.89 -14.89 -0.00 -14.89 -0.00 -0.00
78 -50.00 -10.00 0.00 30.00 3.69 15.00 -50.00 -10.00 0.00 -50.00 -10.00 0.00 -80.62 -17.94 -14.76 -0.00 -14.76 -0.00 -0.00
79 -50.00 -10.00 0.00 -50.00 5.69 15.00 -50.00 -10.00 0.00 -50.00 -10.00 0.00 -74.32 -17.95 -5.61 -0.00 -5.61 -0.00 -0.00
80 -50.00 -10.00 0.00 -50.85 5.37 15.00 -50.00 -10.00 0.00 -50.00 -10.00 0.00 -76.01 -17.97 -9.53 -0.00 -9.53 -0.00 -0.00
81 -50.00 -10.00 0.00 -52.32 5.05 15.00 -50.00 -10.00 0.00 -50.00 -10.00 0.00 -78.24 -18.00 -12.15 -0.00 -12.15 -0.00 -0.00
82 -50.00 -10.00 0.00 -54.89 4.73 15.00 -50.00 -10.00 0.00 -50.00 -10.00 0.00 -79.65 -18.04 -13.76 -0.00 -13.76 -0.00 -0.00
83 -50.00 -10.00 0.00 -59.05 4.40 15.00 -50.00 -10.00 0.00 -50.00 -10.00 0.00 -80.34 -18.08 -14.61 -0.00 -14.61 -0.00 -0.00
84 -50.00 -10.00 0.00 -64.45 4.05 15.00 -50.00 -10.00 0.00 -50.00 -10.00 0.00 -80.55 -18.12 -14.89 -0.00 -14.89 -0.00 -0.00
85 -50.00 -10.00 0.00 -69.27 3.70 15.00 -50.00 -10.00 0.00 -50.00 -10.00 0.00 -80.46 -18.16 -14.76 -0.00 -14.76 -0.00 -0.00
86 -50.00 -10.00 0.00 -71.91 3.33 15.00 -50.00 -10.00 0.00 -50.00 -10.00 0.00 -80.15 -18.20 -14.33 -0.00 -14.33 -0.00 -0.00
87 -50.00 -10.00 0.00 -72.75 2.98 15.00 -50.00 -10.00 0.00 -50.00 -10.00 0.00 -79.68 -18.23 -13.70 -0.00 -13.70 -0.00 -0.00
88 -50.00 -10.00 0.00 -72.77 2.63 15.00 -50.00 -10.00 0.00 -50.00 -10.00 0.00 -79.11 -18.27 -12.93 -0.00 -12.93 -0.00 -0.00
89 -50.00 -10.00 0.00 -72.50 2.28 15.00 -50.00 -10.00 0.00 -50.00 -10.00 0.00 -78.46 -18.29 -12.08 -0.00 -12.08 -0.00 -0.00
90 -50.00 -10.00 0.00 -72.13 1.95 15.00 -50.00 -10.00 0.00 -50.00 -10.00 0.00 -77.75 -18.32 -11.20 -0.00 -11.20 -0.00 -0.00
91 -50.00 -10.00 0.00 -71.72 1.62 15.00 -50.00 -10.00 0.00 -50.00 -10.00 0.00 -77.00 -18.33 -10.30 -0.00 -10.30 -0.00 -0.00
92 -50.00 -10.00 0.00 -71.29 1.31 15.00 -50.00 -10.00 0.00 -50.00 -10.00 0.00 -76.24 -18.35 -9.43 -0.00 -9.43 -0.00 -0.00
93 -50.00 -10.00 0.00 -70.85 1.00 15.00 -50.00 -10.00 0.00 -50.00 -10.00 0.00 -75.46 -18.36 -8.58 -0.00 -8.58 -0.00 -0.00
94 -50.00 -10.00 0.00 -70.40 0.70 15.00 -50.00 -10.00 0.00 -50.00 -10.00 0.00 -74.67 -18.37 -7.77 -0.00 -7.77 -0.00 -0.00
95 -50.00 -10.00 0.00 -69.93 0.40 15.00 -50.00 -10.00 0.00 -50.00 -10.00 0.00 -73.89 -18.37 -7.02 -0.00 -7.02 -0.00 -0.00
96 -50.00 -10.00 0.00 -69.46 0.12 15.00 -50.00 -10.00 0.00 -50.00 -10.00 0.00 -73.12 -18.37 -6.31 -0.00 -6.31 -0.00 -0.00
97 -50.00 -10.00 0.00 -68.96 -0.16 15.00 -50.00 -10.00 0.00 -50.00 -10.00 0.00 -72.35 -18.36 -5.66 -0.00 -5.66 -0.00 -0.00
98 -50.00 -10.00 0.00 -68.45 -0.43 15.00 -50.00 -10.00 0.00 -50.00 -10.00 0.00 -71.60 -18.35 -5.06 -0.00 -5.06 -0.00 -0.00
99 -50.00 -10.00 0.00 -67.92 -0.70 15.00 -50.00 -10.00 0.00 -50.00 -10.00 0.00 -70.86 -18.34 -4.51 -0.00 -4.51 -0.00 -0.00
100 -50.00 -10.00 0.00 -67.37 -0.95 15.00 -50.00 -10.00 0.00 -50.00 -10.00 0.00 -70.14 -18.32 -4.02 -0.00 -4.02 -0.00 -0.00
101 -50.00 -10.00 0.00 -79.29 -1.25 0.00 -30.12 -9.92 15.00 -50.00 -10.00 0.00 -69.42 -18.30 -3.57 -0.00 -3.57 -0.00 -0.00
102 -50.00 -10.00 0.00 -81.69 -1.55 0.00 30.00 -9.46 15.00 -50.00 -10.00 0.00 -68.73 -18.28 -3.16 -0.00 -3.16 -0.00 -0.00
103 -50.00 -10.00 0.00 -81.67 -1.85 0.00 -50.00 -7.46 15.00 -50.00 -10.00 0.00 -72.43 -18.28 -7.92 -0.00 -2.80 -5.12 -0.00
104 -50.00 -10.00 0.00 -81.49 -2.14 0.00 -33.65 -7.44 15.00 -50.00 -10.00 0.00 -76.50 -18.29 -11.23 -0.00 -2.47 -8.76 -0.00
105 -50.00 -10.00 0.00 -81.30 -2.42 0.00 30.00 -7.15 15.00 -50.00 -10.00 0.00 -78.98 -18.32 -13.42 -0.00 -2.18 -11.24 -0.00
106 -50.00 -10.00 0.00 -81.11 -2.69 0.00 -50.00 -5.15 15.00 -50.00 -10.00 0.00 -74.85 -18.33 -7.04 -0.00 -1.92 -5.12 -0.00
107 -50.00 -10.00 0.00 -80.92 -2.96 0.00 -36.80 -5.19 15.00 -50.00 -10.00 0.00 -76.53 -18.35 -10.45 -0.00 -1.69 -8.76 -0.00
108 -50.00 -10.00 0.00 -80.74 -3.23 0.00 13.78 -5.03 15.00 -50.00 -10.00 0.00 -78.47 -18.37 -12.72 -0.00 -1.49 -11.24 -0.00
109 -50.00 -10.00 0.00 -80.56 -3.49 0.00 30.00 -1.37 15.00 -50.00 -10.00 0.00 -79.68 -18.40 -14.12 -0.00 -1.30 -12.82 -0.00
110 -50.00 -10.00 0.00 -80.38 -3.74 0.00 -50.00 0.63 15.00 -50.00 -10.00 0.00 -74.33 -18.41 -6.26 -0.00 -1.14 -5.12 -0.00
111 -50.00 -10.00 0.00 -80.20 -3.98 0.00 -44.44 0.44 15.00 -50.00 -10.00 0.00 -75.84 -18.42 -9.76 -0.00 -1.00 -8.76 -0.00
112 -50.00 -10.00 0.00 -80.03 -4.22 0.00 -28.35 0.32 15.00 -50.00 -10.00 0.00 -77.87 -18.44 -12.11 -0.00 -0.88 -11.24 -0.00
113 -50.00 -10.00 0.00 -79.86 -4.46 0.00 30.00 0.54 15.00 -50.00 -10.00 0.00 -79.20 -18.47 -13.59 -0.00 -0.77 -12.82 -0.00
114 -50.00 -10.00 0.00 -79.69 -4.69 0.00 -50.00 2.54 15.00 -50.00 -10.00 0.00 -73.86 -18.47 -5.79 -0.00 -0.67 -5.12 -0.00
115 -50.00 -10.00 0.00 -79.52 -4.91 0.00 -46.90 2.30 15.00 -50.00 -10.00 0.00 -75.36 -18.47 -9.34 -0.00 -0.59 -8.76 -0.00
116 -50.00 -10.00 0.00 -79.35 -5.13 0.00 -38.60 2.10 15.00 -50.00 -10.00 0.00 -77.48 -18.49 -11.75 -0.00 -0.51 -11.24 -0.00
117 -50.00 -10.00 0.00 -79.19 -5.35 0.00 -7.87 2.03 15.00 -50.00 -10.00 0.00 -78.89 -18.52 -13.26 -0.00 -0.45 -12.82 -0.00
118 -50.00 -10.00 0.00 -79.03 -5.56 0.00 30.00 3.20 15.00 -50.00 -10.00 0.00 -79.61 -18.54 -14.10 -0.00 -0.39 -13.71 -0.00
119 -50.00 -10.00 0.00 -78.87 -5.76 0.00 -50.00 5.20 15.00 -50.00 -10.00 0.00 -73.62 -18.54 -5.45 -0.00 -0.34 -5.12 -0.00
120 -50.00 -10.00 0.00 -78.72 -5.96 0.00 -50.25 4.89 15.00 -50.00 -10.00 0.00 -75.01 -18.55 -9.05 -0.00 -0.29 -8.76 -0.00
121 -50.00 -10.00 0.00 -78.56 -6.15 0.00 -50.43 4.60 15.00 -50.00 -10.00 0.00 -77.17 -18.56 -11.49 -0.00 -0.26 -11.24 -0.00
122 -50.00 -10.00 0.00 -78.41 -6.34 0.00 -50.44 4.30 15.00 -50.00 -10.00 0.00 -78.65 -18.58 -13.04 -0.00 -0.22 -12.82 -0.00
123 -50.00 -10.00 0.00 -78.26 -6.53 0.00 -50.12 4.02 15.00 -50.00 -10.00 0.00 -79.41 -18.61 -13.90 -0.00 -0.19 -13.71 -0.00
124 -50.00 -10.00 0.00 -78.11 -6.71 0.00 -49.03 3.74 15.00 -50.00 -10.00 0.00 -79.71 -18.63 -14.24 -0.00 -0.17 -14.08 -0.00
125 -50.00 -10.00 0.00 -77.97 -6.89 0.00 -46.12 3.48 15.00 -50.00 -10.00 0.00 -79.69 -18.66 -14.20 -0.00 -0.15 -14.05 -0.00
126 -50.00 -10.00 0.00 -77.82 -7.06 0.00 -37.98 3.26 15.00 -50.00 -10.00 0.00 -79.45 -18.68 -13.86 -0.00 -0.13 -13.74 -0.00
127 -50.00 -10.00 0.00 -77.68 -7.23 0.00 -6.96 3.16 15.00 -50.00 -10.00 0.00 -79.06 -18.71 -13.33 -0.00 -0.11 -13.22 -0.00
128 -50.00 -10.00 0.00 -77.54 -7.40 0.00 30.00 4.36 15.00 -50.00 -10.00 0.00 -78.55 -18.72 -12.67 -0.00 -0.09 -12.57 -0.00
129 -50.00 -10.00 0.00 -77.40 -7.56 0.00 -50.00 6.36 15.00 -50.00 -10.00 0.00 -73.12 -18.72 -5.20 -0.00 -0.08 -5.12 -0.00
130 -50.00 -10.00 0.00 -77.27 -7.72 0.00 -51.69 6.03 15.00 -50.00 -10.00 0.00 -74.56 -18.71 -8.83 -0.00 -0.07 -8.76 -0.00
131 -50.00 -10.00 0.00 -77.13 -7.87 0.00 -54.83 5.69 15.00 -50.00 -10.00 0.00 -76.80 -18.72 -11.30 -0.00 -0.06 -11.24 -0.00
132 -50.00 -10.00 0.00 -77.00 -8.02 0.00 -60.01 5.33 15.00 -50.00 -10.00 0.00 -78.36 -18.74 -12.87 -0.00 -0.05 -12.82 -0.00
133 -50.00 -10.00 0.00 -76.87 -8.17 0.00 -66.46 4.96 15.00 -50.00 -10.00 0.00 -79.17 -18.76 -13.76 -0.00 -0.05 -13.71 -0.00
134 -50.00 -10.00 0.00 -76.74 -8.31 0.00 -71.44 4.58 15.00 -50.00 -10.00 0.00 -79.49 -18.78 -14.12 -0.00 -0.04 -14.08 -0.00
135 -50.00 -10.00 0.00 -76.62 -8.45 0.00 -73.57 4.19 15.00 -50.00 -10.00 0.00 -79.49 -18.81 -14.08 -0.00 -0.03 -14.05 -0.00
136 -50.00 -10.00 0.00 -76.49 -8.59 0.00 -73.99 3.81 15.00 -50.00 -10.00 0.00 -79.27 -18.83 -13.77 -0.00 -0.03 -13.74 -0.00
137 -50.00 -10.00 0.00 -76.37 -8.72 0.00 -73.82 3.44 15.00 -50.00 -10.00 0.00 -78.89 -18.84 -13.25 -0.00 -0.03 -13.22 -0.00
138 -50.00 -10.00 0.00 -76.25 -8.85 0.00 -73.48 3.08 15.00 -50.00 -10.00 0.00 -78.39 -18.86 -12.59 -0.00 -0.02 -12.57 -0.00
139 -50.00 -10.00 0.00 -76.13 -8.98 0.00 -73.09 2.72 15.00 -50.00 -10.00 0.00 -77.80 -18.87 -11.85 -0.00 -0.02 -11.83 -0.00
140 -50.00 -10.00 0.00 -76.01 -9.11 0.00 -72.68 2.38 15.00 -50.00 -10.00 0.00 -77.15 -18.88 -11.06 -0.00 -0.02 -11.04 -0.00
141 -50.00 -10.00 0.00 -75.89 -9.23 0.00 -72.27 2.04 15.00 -50.00 -10.00 0.00 -76.46 -18.88 -10.25 -0.00 -0.01 -10.24 -0.00
142 -50.00 -10.00 0.00 -75.78 -9.35 0.00 -71.84 1.71 15.00 -50.00 -10.00 0.00 -75.75 -18.88 -9.44 -0.00 -0.01 -9.43 -0.00
143 -50.00 -10.00 0.00 -75.67 -9.46 0.00 -71.41 1.39 15.00 -50.00 -10.00 0.00 -75.01 -18.88 -8.66 -0.00 -0.01 -8.65 -0.00
144 -50.00 -10.00 0.00 -75.56 -9.58 0.00 -70.97 1.08 15.00 -50.00 -10.00 0.00 -74.26 -18.88 -7.90 -0.00 -0.01 -7.89 -0.00
145 -50.00 -10.00 0.00 -75.45 -9.69 0.00 -70.52 0.78 15.00 -50.00 -10.00 0.00 -73.51 -18.87 -7.18 -0.00 -0.01 -7.17 -0.00
146 -50.00 -10.00 0.00 -75.34 -9.79 0.00 -70.06 0.48 15.00 -50.00 -10.00 0.00 -72.76 -18.85 -6.50 -0.00 -0.01 -6.50 -0.00
147 -50.00 -10.00 0.00 -75.24 -9.90 0.00 -69.59 0.19 15.00 -50.00 -10.00 0.00 -72.01 -18.84 -5.87 -0.00 -0.01 -5.87 -0.00
148 -50.00 -10.00 0.00 -75.13 -10.00 0.00 -69.10 -0.09 15.00 -50.00 -10.00 0.00 -71.27 -18.81 -5.29 -0.00 -0.01 -5.28 -0.00
149 -50.00 -10.00 0.00 -75.03 -10.10 0.00 -68.60 -0.36 15.00 -50.00 -10.00 0.00 -70.53 -18.79 -4.75 -0.00 -0.00 -4.75 -0.00
150 -50.00 -10.00 0.00 -74.93 -10.20 0.00 -68.07 -0.62 15.00 -50.00 -10.00 0.00 -69.80 -18.76 -4.26 -0.00 -0.00 -4.26 -0.00
151 -50.00 -10.00 0.00 -74.83 -10.29 0.00 -67.52 -0.88 15.00 -50.00 -10.00 0.00 -69.08 -18.73 -3.81 -0.00 -0.00 -3.81 -0.00
152 -50.00 -10.00 0.00 -74.74 -10.39 0.00 -66.94 -1.13 15.00 -50.00 -10.00 0.00 -68.37 -18.70 -3.40 -0.00 -0.00 -3.40 -0.00
153 -50.00 -10.00 0.00 -74.64 -10.48 0.00 -66.33 -1.38 15.00 -50.00 -10.00 0.00 -67.66 -18.67 -3.03 -0.00 -0.00 -3.03 -0.00
154 -50.00 -10.00 0.00 -74.55 -10.57 0.00 -65.67 -1.61 15.00 -50.00 -10.00 0.00 -66.96 -18.63 -2.70 -0.00 -0.00 -2.70 -0.00
155 -50.00 -10.00 0.00 -74.45 -10.65 0.00 -64.95 -1.84 15.00 -50.00 -10.00 0.00 -66.25 -18.59 -2.40 -0.00 -0.00 -2.39 -0.00
156 -50.00 -10.00 0.00 -74.36 -10.74 0.00 -64.16 -2.06 15.00 -50.00 -10.00 0.00 -65.53 -18.54 -2.13 -0.00 -0.00 -2.12 -0.00
157 -50.00 -10.00 0.00 -74.27 -10.82 0.00 -63.27 -2.27 15.00 -50.00 -10.00 0.00 -64.80 -18.50 -1.88 -0.00 -0.00 -1.88 -0.00
158 -50.00 -10.00 0.00 -74.19 -10.90 0.00 -62.24 -2.47 15.00 -50.00 -10.00 0.00 -64.04 -18.45 -1.67 -0.00 -0.00 -1.67 -0.00
159 -50.00 -10.00 0.00 -74.10 -10.98 0.00 -61.00 -2.67 15.00 -50.00 -10.00 0.00 -63.25 -18.39 -1.47 -0.00 -0.00 -1.47 -0.00
160 -50.00 -10.00 0.00 -74.01 -11.06 0.00 -59.43 -2.85 15.00 -50.00 -10.00 0.00 -62.39 -18.34 -1.30 -0.00 -0.00 -1.30 -0.00
161 -50.00 -10.00 0.00 -73.93 -11.13 0.00 -57.31 -3.02 15.00 -50.00 -10.00 0.00 -61.45 -18.28 -1.15 -0.00 -0.00 -1.15 -0.00
162 -50.00 -10.00 0.00 -73.85 -11.20 0.00 -54.13 -3.18 15.00 -50.00 -10.00 0.00 -60.36 -18.21 -1.01 -0.00 -0.00 -1.01 -0.00
163 -50.00 -10.00 0.00 -73.77 -11.27 0.00 -48.48 -3.31 15.00 -50.00 -10.00 0.00 -59.04 -18.14 -0.89 -0.00 -0.00 -0.89 -0.00
164 -50.00 -10.00 0.00 -73.69 -11.34 0.00 -35.29 -3.39 15.00 -50.00 -10.00 0.00 -57.34 -18.07 -0.78 -0.00 -0.00 -0.78 -0.00
165 -50.00 -10.00 0.00 -73.61 -11.41 0.00 18.76 -3.24 15.00 -50.00 -10.00 0.00 -54.89 -17.98 -0.69 -0.00 -0.00 -0.69 -0.00
166 -50.00 -10.00 0.00 -73.53 -11.48 0.00 30.00 1.11 15.00 -50.00 -10.00 0.00 -50.86 -17.88 -0.61 -0.00 -0.00 -0.61 -0.00
167 -50.00 -10.00 0.00 -73.46 -11.54 0.00 -50.00 3.11 15.00 -50.00 -10.00 0.00 -48.47 -17.76 -5.12 -0.00 -0.00 -5.12 -0.00
168 -50.00 -10.00 0.00 -73.38 -11.60 0.00 -47.62 2.86 15.00 -50.00 -10.00 0.00 -47.66 -17.64 -8.76 -0.00 -0.00 -8.76 -0.00
169 -50.00 -10.00 0.00 -73.31 -11.66 0.00 -41.33 2.63 15.00 -50.00 -10.00 0.00 -49.00 -17.54 -11.24 -0.00 -0.00 -11.24 -0.00
170 -50.00 -10.00 0.00 -73.24 -11.72 0.00 -20.37 2.50 15.00 -50.00 -10.00 0.00 -54.31 -17.46 -12.82 -0.00 -0.00 -12.82 -0.00
171 -50.00 -10.00 0.00 -73.17 -11.78 0.00 30.00 2.95 15.00 -50.00 -10.00 0.00 -65.25 -17.43 -13.71 -0.00 -0.00 -13.71 -0.00
172 -50.00 -10.00 0.00 -73.10 -11.84 0.00 -50.00 4.95 15.00 -50.00 -10.00 0.00 -68.61 -17.43 -5.12 -0.00 -0.00 -5.12 -0.00
173 -50.00 -10.00 0.00 -73.03 -11.89 0.00 -49.94 4.65 15.00 -50.00 -10.00 0.00 -73.77 -17.45 -8.76 -0.00 -0.00 -8.76 -0.00
174 -50.00 -10.00 0.00 -72.97 -11.95 0.00 -49.44 4.36 15.00 -50.00 -10.00 0.00 -77.49 -17.49 -11.24 -0.00 -0.00 -11.24 -0.00
175 -50.00 -10.00 0.00 -72.90 -12.00 0.00 -47.90 4.08 15.00 -50.00 -10.00 0.00 -79.27 -17.53 -12.82 -0.00 -0.00 -12.82 -0.00
176 -50.00 -10.00 0.00 -72.84 -12.05 0.00 -43.72 3.83 15.00 -50.00 -10.00 0.00 -80.04 -17.58 -13.71 -0.00 -0.00 -13.71 -0.00
177 -50.00 -10.00 0.00 -72.78 -12.10 0.00 -30.89 3.63 15.00 -50.00 -10.00 0.00 -80.32 -17.63 -14.08 -0.00 -0.00 -14.08 -0.00
178 -50.00 -10.00 0.00 -72.72 -12.15 0.00 30.00 3.69 15.00 -50.00 -10.00 0.00 -80.30 -17.68 -14.05 -0.00 -0.00 -14.05 -0.00
179 -50.00 -10.00 0.00 -72.66 -12.20 0.00 -50.00 5.69 15.00 -50.00 -10.00 0.00 -74.11 -17.70 -5.12 -0.00 -0.00 -5.12 -0.00
180 -50.00 -10.00 0.00 -72.60 -12.25 0.00 -50.85 5.37 15.00 -50.00 -10.00 0.00 -75.56 -17.72 -8.76 -0.00 -0.00 -8.76 -0.00
181 -50.00 -10.00 0.00 -72.54 -12.29 0.00 -52.32 5.05 15.00 -50.00 -10.00 0.00 -77.69 -17.76 -11.24 -0.00 -0.00 -11.24 -0.00
182 -50.00 -10.00 0.00 -72.48 -12.33 0.00 -54.89 4.73 15.00 -50.00 -10.00 0.00 -79.12 -17.80 -12.82 -0.00 -0.00 -12.82 -0.00
183 -50.00 -10.00 0.00 -72.43 -12.38 0.00 -59.05 4.40 15.00 -50.00 -10.00 0.00 -79.86 -17.84 -13.71 -0.00 -0.00 -13.71 -0.00
184 -50.00 -10.00 0.00 -72.37 -12.42 0.00 -64.45 4.05 15.00 -50.00 -10.00 0.00 -80.14 -17.88 -14.08 -0.00 -0.00 -14.08 -0.00
185 -50.00 -10.00 0.00 -72.32 -12.46 0.00 -69.27 3.70 15.00 -50.00 -10.00 0.00 -80.12 -17.93 -14.05 -0.00 -0.00 -14.05 -0.00
186 -50.00 -10.00 0.00 -72.26 -12.50 0.00 -71.91 3.33 15.00 -50.00 -10.00 0.00 -79.89 -17.97 -13.74 -0.00 -0.00 -13.74 -0.00
187 -50.00 -10.00 0.00 -72.21 -12.54 0.00 -72.75 2.98 15.00 -50.00 -10.00 0.00 -79.50 -18.01 -13.22 -0.00 -0.00 -13.22 -0.00
188 -50.00 -10.00 0.00 -72.16 -12.58 0.00 -72.77 2.63 15.00 -50.00 -10.00 0.00 -79.01 -18.04 -12.57 -0.00 -0.00 -12.57 -0.00
189 -50.00 -10.00 0.00 -72.11 -12.61 0.00 -72.50 2.28 15.00 -50.00 -10.00 0.00 -78.43 -18.07 -11.83 -0.00 -0.00 -11.83 -0.00
190 -50.00 -10.00 0.00 -72.06 -12.65 0.00 -72.13 1.95 15.00 -50.00 -10.00 0.00 -77.79 -18.10 -11.04 -0.00 -0.00 -11.04 -0.00
191 -50.00 -10.00 0.00 -72.02 -12.69 0.00 -71.72 1.62 15.00 -50.00 -10.00 0.00 -77.11 -18.12 -10.24 -0.00 -0.00 -10.24 -0.00
192 -50.00 -10.00 0.00 -71.97 -12.72 0.00 -71.29 1.31 15.00 -50.00 -10.00 0.00 -76.41 -18.14 -9.43 -0.00 -0.00 -9.43 -0.00
193 -50.00 -10.00 0.00 -71.92 -12.75 0.00 -70.85 1.00 15.00 -50.00 -10.00 0.00 -75.69 -18.16 -8.65 -0.00 -0.00 -8.65 -0.00
194 -50.00 -10.00 0.00 -71.88 -12.79 0.00 -70.40 0.70 15.00 -50.00 -10.00 0.00 -74.97 -18.17 -7.89 -0.00 -0.00 -7.89 -0.00
195 -50.00 -10.00 0.00 -71.84 -12.82 0.00 -69.93 0.40 15.00 -50.00 -10.00 0.00 -74.24 -18.18 -7.17 -0.00 -0.00 -7.17 -0.00
196 -50.00 -10.00 0.00 -71.79 -12.85 0.00 -69.46 0.12 15.00 -50.00 -10.00 0.00 -73.51 -18.18 -6.50 -0.00 -0.00 -6.50 -0.00
197 -50.00 -10.00 0.00 -71.75 -12.88 0.00 -68.96 -0.16 15.00 -50.00 -10.00 0.00 -72.79 -18.18 -5.87 -0.00 -0.00 -5.87 -0.00
198 -50.00 -10.00 0.00 -71.71 -12.91 0.00 -68.45 -0.43 15.00 -50.00 -10.00 0.00 -72.09 -18.18 -5.28 -0.00 -0.00 -5.28 -0.00
199 -50.00 -10.00 0.00 -71.67 -12.94 0.00 -67.92 -0.70 15.00 -50.00 -10.00 0.00 -71.39 -18.17 -4.75 -0.00 -0.00 -4.75 -0.00
200 -50.00 -10.00 0.00 -71.63 -12.96 0.00 -67.37 -0.95 15.00 -50.00 -10.00 0.00 -70.71 -18.16 -4.26 -0.00 -0.00 -4.26 -0.00
201 -50.00 -10.00 0.00 -71.59 -12.99 0.00 -79.29 -1.25 0.00 -30.12 -9.92 15.00 -70.03 -18.15 -3.81 -0.00 -0.00 -3.81 -0.00
202 -50.00 -10.00 0.00 -71.55 -13.02 0.00 -81.69 -1.55 0.00 30.00 -9.46 15.00 -69.38 -18.13 -3.40 -0.00 -0.00 -3.40 -0.00
203 -50.00 -10.00 0.00 -71.52 -13.04 0.00 -81.67 -1.85 0.00 -50.00 -7.46 15.00 -73.45 -18.14 -8.64 -0.00 -0.00 -3.03 -5.61
204 -50.00 -10.00 0.00 -71.48 -13.07 0.00 -81.49 -2.14 0.00 -33.65 -7.44 15.00 -77.62 -18.16 -12.23 -0.00 -0.00 -2.70 -9.53
205 -50.00 -10.00 0.00 -71.44 -13.09 0.00 -81.30 -2.42 0.00 30.00 -7.15 15.00 -79.99 -18.20 -14.54 -0.00 -0.00 -2.39 -12.14
206 -50.00 -10.00 0.00 -71.41 -13.12 0.00 -81.11 -2.69 0.00 -50.00 -5.15 15.00 -75.59 -18.21 -7.73 -0.00 -0.00 -2.12 -5.61
207 -50.00 -10.00 0.00 -71.38 -13.14 0.00 -80.92 -2.96 0.00 -36.80 -5.19 15.00 -77.47 -18.24 -11.41 -0.00 -0.00 -1.88 -9.53
208 -50.00 -10.00 0.00 -71.34 -13.16 0.00 -80.74 -3.23 0.00 13.78 -5.03 15.00 -79.43 -18.27 -13.81 -0.00 -0.00 -1.67 -12.14
209 -50.00 -10.00 0.00 -71.31 -13.18 0.00 -80.56 -3.49 0.00 30.00 -1.37 15.00 -80.57 -18.31 -15.23 -0.00 -0.00 -1.47 -13.76
210 -50.00 -10.00 0.00 -71.28 -13.20 0.00 -80.38 -3.74 0.00 -50.00 0.63 15.00 -74.99 -18.32 -6.91 -0.00 -0.00 -1.30 -5.61
211 -50.00 -10.00 0.00 -71.25 -13.23 0.00 -80.20 -3.98 0.00 -44.44 0.44 15.00 -76.74 -18.33 -10.68 -0.00 -0.00 -1.15 -9.53
212 -50.00 -10.00 0.00 -71.22 -13.25 0.00 -80.03 -4.22 0.00 -28.35 0.32 15.00 -78.81 -18.36 -13.16 -0.00 -0.00 -1.01 -12.14
213 -50.00 -10.00 0.00 -71.19 -13.27 0.00 -79.86 -4.46 0.00 30.00 0.54 15.00 -80.07 -18.39 -14.65 -0.00 -0.00 -0.89 -13.76
214 -50.00 -10.00 0.00 -71.16 -13.29 0.00 -79.69 -4.69 0.00 -50.00 2.54 15.00 -74.49 -18.40 -6.39 -0.00 -0.00 -0.78 -5.61
215 -50.00 -10.00 0.00 -71.13 -13.30 0.00 -79.52 -4.91 0.00 -46.90 2.30 15.00 -76.23 -18.41 -10.22 -0.00 -0.00 -0.69 -9.53
216 -50.00 -10.00 0.00 -71.10 -13.32 0.00 -79.35 -5.13 0.00 -38.60 2.10 15.00 -78.39 -18.44 -12.75 -0.00 -0.00 -0.61 -12.14
217 -50.00 -10.00 0.00 -71.08 -13.34 0.00 -79.19 -5.35 0.00 -7.87 2.03 15.00 -79.74 -18.47 -14.29 -0.00 -0.00 -0.53 -13.76
218 -50.00 -10.00 0.00 -71.05 -13.36 0.00 -79.03 -5.56 0.00 30.00 3.20 15.00 -80.37 -18.50 -15.07 -0.00 -0.00 -0.47 -14.61
219 -50.00 -10.00 0.00 -71.02 -13.37 0.00 -78.87 -5.76 0.00 -50.00 5.20 15.00 -74.18 -18.50 -6.02 -0.00 -0.00 -0.41 -5.61
220 -50.00 -10.00 0.00 -71.00 -13.39 0.00 -78.72 -5.96 0.00 -50.25 4.89 15.00 -75.83 -18.51 -9.89 -0.00 -0.00 -0.36 -9.53
221 -50.00 -10.00 0.00 -70.97 -13.41 0.00 -78.56 -6.15 0.00 -50.43 4.60 15.00 -78.05 -18.53 -12.46 -0.00 -0.00 -0.31 -12.14
222 -50.00 -10.00 0.00 -70.95 -13.42 0.00 -78.41 -6.34 0.00 -50.44 4.30 15.00 -79.46 -18.55 -14.03 -0.00 -0.00 -0.28 -13.76
223 -50.00 -10.00 0.00 -70.93 -13.44 0.00 -78.26 -6.53 0.00 -50.12 4.02 15.00 -80.14 -18.58 -14.85 -0.00 -0.00 -0.24 -14.61
224 -50.00 -10.00 0.00 -70.90 -13.45 0.00 -78.11 -6.71 0.00 -49.03 3.74 15.00 -80.35 -18.61 -15.10 -0.00 -0.00 -0.21 -14.89
225 -50.00 -10.00 0.00 -70.88 -13.47 0.00 -77.97 -6.89 0.00 -46.12 3.48 15.00 -80.24 -18.64 -14.94 -0.00 -0.00 -0.18 -14.76
226 -50.00 -10.00 0.00 -70.86 -13.48 0.00 -77.82 -7.06 0.00 -37.98 3.26 15.00 -79.92 -18.67 -14.49 -0.00 -0.00 -0.16 -14.33
227 -50.00 -10.00 0.00 -70.84 -13.50 0.00 -77.68 -7.23 0.00 -6.96 3.16 15.00 -79.44 -18.69 -13.83 -0.00 -0.00 -0.14 -13.69
228 -50.00 -10.00 0.00 -70.82 -13.51 0.00 -77.54 -7.40 0.00 30.00 4.36 15.00 -78.86 -18.71 -13.05 -0.00 -0.00 -0.12 -12.92
229 -50.00 -10.00 0.00 -70.80 -13.52 0.00 -77.40 -7.56 0.00 -50.00 6.36 15.00 -73.57 -18.71 -5.72 -0.00 -0.00 -0.11 -5.61
230 -50.00 -10.00 0.00 -70.78 -13.53 0.00 -77.27 -7.72 0.00 -51.69 6.03 15.00 -75.31 -18.71 -9.62 -0.00 -0.00 -0.09 -9.53
231 -50.00 -10.00 0.00 -70.76 -13.55 0.00 -77.13 -7.87 0.00 -54.83 5.69 15.00 -77.64 -18.72 -12.23 -0.00 -0.00 -0.08 -12.14
232 -50.00 -10.00 0.00 -70.74 -13.56 0.00 -77.00 -8.02 0.00 -60.01 5.33 15.00 -79.14 -18.75 -13.83 -0.00 -0.00 -0.07 -13.76
233 -50.00 -10.00 0.00 -70.72 -13.57 0.00 -76.87 -8.17 0.00 -66.46 4.96 15.00 -79.87 -18.77 -14.67 -0.00 -0.00 -0.06 -14.61
234 -50.00 -10.00 0.00 -70.70 -13.58 0.00 -76.74 -8.31 0.00 -71.44 4.58 15.00 -80.10 -18.80 -14.94 -0.00 -0.00 -0.05 -14.89
235 -50.00 -10.00 0.00 -70.68 -13.59 0.00 -76.62 -8.45 0.00 -73.57 4.19 15.00 -80.01 -18.82 -14.80 -0.00 -0.00 -0.05 -14.76
236 -50.00 -10.00 0.00 -70.66 -13.60 0.00 -76.49 -8.59 0.00 -73.99 3.81 15.00 -79.71 -18.84 -14.37 -0.00 -0.00 -0.04 -14.33
237 -50.00 -10.00 0.00 -70.65 -13.61 0.00 -76.37 -8.72 0.00 -73.82 3.44 15.00 -79.24 -18.86 -13.73 -0.00 -0.00 -0.04 -13.69
238 -50.00 -10.00 0.00 -70.63 -13.62 0.00 -76.25 -8.85 0.00 -73.48 3.08 15.00 -78.66 -18.88 -12.95 -0.00 -0.00 -0.03 -12.92
239 -50.00 -10.00 0.00 -70.62 -13.63 0.00 -76.13 -8.98 0.00 -73.09 2.72 15.00 -78.00 -18.89 -12.10 -0.00 -0.00 -0.03 -12.08
240 -50.00 -10.00 0.00 -70.60 -13.64 0.00 -76.01 -9.11 0.00 -72.68 2.38 15.00 -77.28 -18.90 -11.21 -0.00 -0.00 -0.02 -11.19
241 -50.00 -10.00 0.00 -70.58 -13.65 0.00 -75.89 -9.23 0.00 -72.27 2.04 15.00 -76.52 -18.90 -10.32 -0.00 -0.00 -0.02 -10.30
242 -50.00 -10.00 0.00 -70.57 -13.66 0.00 -75.78 -9.35 0.00 -71.84 1.71 15.00 -75.74 -18.90 -9.44 -0.00 -0.00 -0.02 -9.42
243 -50.00 -10.00 0.00 -70.55 -13.67 0.00 -75.67 -9.46 0.00 -71.41 1.39 15.00 -74.94 -18.90 -8.59 -0.00 -0.00 -0.02 -8.57
244 -50.00 -10.00 0.00 -70.54 -13.68 0.00 -75.56 -9.58 0.00 -70.97 1.08 15.00 -74.14 -18.89 -7.78 -0.00 -0.00 -0.01 -7.77
245 -50.00 -10.00 0.00 -70.53 -13.69 0.00 -75.45 -9.69 0.00 -70.52 0.78 15.00 -73.34 -18.88 -7.02 -0.00 -0.00 -0.01 -7.01
246 -50.00 -10.00 0.00 -70.51 -13.70 0.00 -75.34 -9.79 0.00 -70.06 0.48 15.00 -72.54 -18.87 -6.32 -0.00 -0.00 -0.01 -6.31
247 -50.00 -10.00 0.00 -70.50 -13.71 0.00 -75.24 -9.90 0.00 -69.59 0.19 15.00 -71.75 -18.85 -5.66 -0.00 -0.00 -0.01 -5.66
248 -50.00 -10.00 0.00 -70.49 -13.71 0.00 -75.13 -10.00 0.00 -69.10 -0.09 15.00 -70.97 -18.83 -5.07 -0.00 -0.00 -0.01 -5.06
249 -50.00 -10.00 0.00 -70.47 -13.72 0.00 -75.03 -10.10 0.00 -68.60 -0.36 15.00 -70.19 -18.80 -4.52 -0.00 -0.00 -0.01 -4.51
250 -50.00 -10.00 0.00 -70.46 -13.73 0.00 -74.93 -10.20 0.00 -68.07 -0.62 15.00 -69.43 -18.77 -4.02 -0.00 -0.00 -0.01 -4.01
251 -50.00 -10.00 0.00 -70.45 -13.74 0.00 -74.83 -10.29 0.00 -67.52 -0.88 15.00 -68.68 -18.74 -3.57 -0.00 -0.00 -0.00 -3.57
252 -50.00 -10.00 0.00 -70.44 -13.74 0.00 -74.74 -10.39 0.00 -66.94 -1.13 15.00 -67.93 -18.70 -3.16 -0.00 -0.00 -0.00 -3.16
253 -50.00 -10.00 0.00 -70.43 -13.75 0.00 -74.64 -10.48 0.00 -66.33 -1.38 15.00 -67.18 -18.67 -2.80 -0.00 -0.00 -0.00 -2.80
254 -50.00 -10.00 0.00 -70.42 -13.76 0.00 -74.55 -10.57 0.00 -65.67 -1.61 15.00 -66.44 -18.62 -2.47 -0.00 -0.00 -0.00 -2.47
255 -50.00 -10.00 0.00 -70.41 -13.76 0.00 -74.45 -10.65 0.00 -64.95 -1.84 15.00 -65.68 -18.58 -2.18 -0.00 -0.00 -0.00 -2.18
256 -50.00 -10.00 0.00 -70.40 -13.77 0.00 -74.36 -10.74 0.00 -64.16 -2.06 15.00 -64.92 -18.53 -1.92 -0.00 -0.00 -0.00 -1.92
257 -50.00 -10.00 0.00 -70.38 -13.77 0.00 -74.27 -10.82 0.00 -63.27 -2.27 15.00 -64.13 -18.48 -1.69 -0.00 -0.00 -0.00 -1.69
258 -50.00 -10.00 0.00 -70.37 -13.78 0.00 -74.19 -10.90 0.00 -62.24 -2.47 15.00 -63.30 -18.43 -1.49 -0.00 -0.00 -0.00 -1.48
259 -50.00 -10.00 0.00 -70.37 -13.79 0.00 -74.10 -10.98 0.00 -61.00 -2.67 15.00 -62.41 -18.37 -1.30 -0.00 -0.00 -0.00 -1.30
260 -50.00 -10.00 0.00 -70.36 -13.79 0.00 -74.01 -11.06 0.00 -59.43 -2.85 15.00 -61.42 -18.31 -1.14 -0.00 -0.00 -0.00 -1.14
261 -50.00 -10.00 0.00 -70.35 -13.80 0.00 -73.93 -11.13 0.00 -57.31 -3.02 15.00 -60.28 -18.25 -1.00 -0.00 -0.00 -0.00 -1.00
262 -50.00 -10.00 0.00 -70.34 -13.80 0.00 -73.85 -11.20 0.00 -54.13 -3.18 15.00 -58.90 -18.18 -0.88 -0.00 -0.00 -0.00 -0.88
263 -50.00 -10.00 0.00 -70.33 -13.81 0.00 -73.77 -11.27 0.00 -48.48 -3.31 15.00 -57.09 -18.10 -0.77 -0.00 -0.00 -0.00 -0.77
264 -50.00 -10.00 0.00 -70.32 -13.81 0.00 -73.69 -11.34 0.00 -35.29 -3.39 15.00 -54.45 -18.01 -0.67 -0.00 -0.00 -0.00 -0.67
265 -50.00 -10.00 0.00 -70.31 -13.82 0.00 -73.61 -11.41 0.00 18.76 -3.24 15.00 -50.00 -17.90 -0.59 -0.00 -0.00 -0.00 -0.58
266 -50.00 -10.00 0.00 -70.30 -13.82 0.00 -73.53 -11.48 0.00 30.00 1.11 15.00 -40.50 -17.74 -0.51 -0.00 -0.00 -0.00 -0.51
267 -50.00 -10.00 0.00 -70.30 -13.83 0.00 -73.46 -11.54 0.00 -50.00 3.11 15.00 -17.39 -17.48 -5.61 -0.00 -0.00 -0.00 -5.61
268 -50.00 -10.00 0.00 -70.29 -13.83 0.00 -73.38 -11.60 0.00 -47.62 2.86 15.00 30.00 -16.39 -9.53 -0.00 -0.00 -0.00 -9.53
269 -50.00 -10.00 0.00 -70.28 -13.84 0.00 -73.31 -11.66 0.00 -41.33 2.63 15.00 -65.00 -10.39 -9.53 -0.00 -0.00 -0.00 -9.53
270 -50.00 -10.00 0.00 -70.27 -13.84 0.00 -73.24 -11.72 0.00 -20.37 2.50 15.00 -81.53 -10.59 -13.76 -0.00 -0.00 -0.00 -13.76
271 -50.00 -10.00 0.00 -70.27 -13.85 0.00 -73.17 -11.78 0.00 30.00 2.95 15.00 -84.95 -10.80 -14.61 -0.00 -0.00 -0.00 -14.61
272 -50.00 -10.00 0.00 -70.26 -13.85 0.00 -73.10 -11.84 0.00 -50.00 4.95 15.00 -79.52 -10.98 -5.61 -0.00 -0.00 -0.00 -5.61
273 -50.00 -10.00 0.00 -70.25 -13.85 0.00 -73.03 -11.89 0.00 -49.94 4.65 15.00 -81.59 -11.17 -9.53 -0.00 -0.00 -0.00 -9.53
274 -50.00 -10.00 0.00 -70.25 -13.86 0.00 -72.97 -11.95 0.00 -49.44 4.36 15.00 -83.19 -11.36 -12.14 -0.00 -0.00 -0.00 -12.14
275 -50.00 -10.00 0.00 -70.24 -13.86 0.00 -72.90 -12.00 0.00 -47.90 4.08 15.00 -84.07 -11.55 -13.76 -0.00 -0.00 -0.00 -13.76
276 -50.00 -10.00 0.00 -70.23 -13.87 0.00 -72.84 -12.05 0.00 -43.72 3.83 15.00 -84.46 -11.75 -14.61 -0.00 -0.00 -0.00 -14.61
277 -50.00 -10.00 0.00 -70.23 -13.87 0.00 -72.78 -12.10 0.00 -30.89 3.63 15.00 -84.52 -11.93 -14.89 -0.00 -0.00 -0.00 -14.89
278 -50.00 -10.00 0.00 -70.22 -13.87 0.00 -72.72 -12.15 0.00 30.00 3.69 15.00 -84.34 -12.12 -14.76 -0.00 -0.00 -0.00 -14.76
279 -50.00 -10.00 0.00 -70.21 -13.88 0.00 -72.66 -12.20 0.00 -50.00 5.69 15.00 -78.65 -12.27 -5.61 -0.00 -0.00 -0.00 -5.61
280 -50.00 -10.00 0.00 -70.21 -13.88 0.00 -72.60 -12.25 0.00 -50.85 5.37 15.00 -80.69 -12.43 -9.53 -0.00 -0.00 -0.00 -9.53
281 -50.00 -10.00 0.00 -70.20 -13.88 0.00 -72.54 -12.29 0.00 -52.32 5.05 15.00 -82.39 -12.59 -12.14 -0.00 -0.00 -0.00 -12.14
282 -50.00 -10.00 0.00 -70.20 -13.89 0.00 -72.48 -12.33 0.00 -54.89 4.73 15.00 -83.34 -12.75 -13.76 -0.00 -0.00 -0.00 -13.76
283 -50.00 -10.00 0.00 -70.19 -13.89 0.00 -72.43 -12.38 0.00 -59.05 4.40 15.00 -83.76 -12.92 -14.61 -0.00 -0.00 -0.00 -14.61
284 -50.00 -10.00 0.00 -70.19 -13.89 0.00 -72.37 -12.42 0.00 -64.45 4.05 15.00 -83.84 -13.08 -14.89 -0.00 -0.00 -0.00 -14.89
285 -50.00 -10.00 0.00 -70.18 -13.89 0.00 -72.32 -12.46 0.00 -69.27 3.70 15.00 -83.67 -13.23 -14.76 -0.00 -0.00 -0.00 -14.76
286 -50.00 -10.00 0.00 -70.18 -13.90 0.00 -72.26 -12.50 0.00 -71.91 3.33 15.00 -83.33 -13.39 -14.33 -0.00 -0.00 -0.00 -14.33
287 -50.00 -10.00 0.00 -70.17 -13.90 0.00 -72.21 -12.54 0.00 -72.75 2.98 15.00 -82.86 -13.53 -13.69 -0.00 -0.00 -0.00 -13.69
288 -50.00 -10.00 0.00 -70.17 -13.90 0.00 -72.16 -12.58 0.00 -72.77 2.63 15.00 -82.30 -13.67 -12.92 -0.00 -0.00 -0.00 -12.92
289 -50.00 -10.00 0.00 -70.16 -13.91 0.00 -72.11 -12.61 0.00 -72.50 2.28 15.00 -81.67 -13.81 -12.08 -0.00 -0.00 -0.00 -12.08
290 -50.00 -10.00 0.00 -70.16 -13.91 0.00 -72.06 -12.65 0.00 -72.13 1.95 15.00 -81.01 -13.94 -11.19 -0.00 -0.00 -0.00 -11.19
291 -50.00 -10.00 0.00 -70.16 -13.91 0.00 -72.02 -12.69 0.00 -71.72 1.62 15.00 -80.31 -14.06 -10.30 -0.00 -0.00 -0.00 -10.30
292 -50.00 -10.00 0.00 -70.15 -13.91 0.00 -71.97 -12.72 0.00 -71.29 1.31 15.00 -79.61 -14.18 -9.42 -0.00 -0.00 -0.00 -9.42
293 -50.00 -10.00 0.00 -70.15 -13.92 0.00 -71.92 -12.75 0.00 -70.85 1.00 15.00 -78.91 -14.29 -8.57 -0.00 -0.00 -0.00 -8.57
294 -50.00 -10.00 0.00 -70.14 -13.92 0.00 -71.88 -12.79 0.00 -70.40 0.70 15.00 -78.21 -14.39 -7.77 -0.00 -0.00 -0.00 -7.77
295 -50.00 -10.00 0.00 -70.14 -13.92 0.00 -71.84 -12.82 0.00 -69.93 0.40 15.00 -77.52 -14.49 -7.01 -0.00 -0.00 -0.00 -7.01
296 -50.00 -10.00 0.00 -70.14 -13.92 0.00 -71.79 -12.85 0.00 -69.46 0.12 15.00 -76.84 -14.59 -6.31 -0.00 -0.00 -0.00 -6.31
297 -50.00 -10.00 0.00 -70.13 -13.92 0.00 -71.75 -12.88 0.00 -68.96 -0.16 15.00 -76.19 -14.68 -5.66 -0.00 -0.00 -0.00 -5.66
298 -50.00 -10.00 0.00 -70.13 -13.93 0.00 -71.71 -12.91 0.00 -68.45 -0.43 15.00 -75.56 -14.76 -5.06 -0.00 -0.00 -0.00 -5.06
299 -50.00 -10.00 0.00 -70.13 -13.93 0.00 -71.67 -12.94 0.00 -67.92 -0.70 15.00 -74.95 -14.84 -4.51 -0.00 -0.00 -0.00 -4.51
300 -50.00 -10.00 0.00 -70.12 -13.93 0.00 -71.63 -12.96 0.00 -67.37 -0.95 15.00 -74.36 -14.92 -4.01 -0.00 -0.00 -0.00 -4.01