1 -50.00 -10.00 0.00 -50.00 -10.00 0.00 -30.12 -9.92 15.00 -50.00 -10.00 0.00 -64.76 -16.25 0.00 -0.00 -0.00 -0.00 -0.00
2 -50.00 -10.00 0.00 -50.00 -10.00 0.00 30.00 -9.46 15.00 -50.00 -10.00 0.00 -64.57 -16.25 0.00 -0.00 -0.00 -0.00 -0.00
3 -50.00 -10.00 0.00 -50.00 -10.00 0.00 -50.00 -7.46 15.00 -50.00 -10.00 0.00 -69.19 -16.27 -5.12 -0.00 -0.00 -5.12 -0.00
4 -50.00 -10.00 0.00 -50.00 -10.00 0.00 -33.65 -7.44 15.00 -50.00 -10.00 0.00 -74.97 -16.32 -8.76 -0.00 -0.00 -8.76 -0.00
5 -50.00 -10.00 0.00 -50.00 -10.00 0.00 30.00 -7.15 15.00 -50.00 -10.00 0.00 -78.56 -16.38 -11.24 -0.00 -0.00 -11.24 -0.00
6 -50.00 -10.00 0.00 -50.00 -10.00 0.00 -50.00 -5.15 15.00 -50.00 -10.00 0.00 -74.80 -16.43 -5.12 -0.00 -0.00 -5.12 -0.00
7 -50.00 -10.00 0.00 -50.00 -10.00 0.00 -36.80 -5.19 15.00 -50.00 -10.00 0.00 -76.67 -16.48 -8.76 -0.00 -0.00 -8.76 -0.00
8 -50.00 -10.00 0.00 -50.00 -10.00 0.00 13.78 -5.03 15.00 -50.00 -10.00 0.00 -78.75 -16.55 -11.24 -0.00 -0.00 -11.24 -0.00
9 -50.00 -10.00 0.00 -50.00 -10.00 0.00 30.00 -1.37 15.00 -50.00 -10.00 0.00 -80.05 -16.62 -12.82 -0.00 -0.00 -12.82 -0.00
10 -50.00 -10.00 0.00 -50.00 -10.00 0.00 -50.00 0.63 15.00 -50.00 -10.00 0.00 -74.85 -16.66 -5.12 -0.00 -0.00 -5.12 -0.00
11 -50.00 -10.00 0.00 -50.00 -10.00 0.00 -44.44 0.44 15.00 -50.00 -10.00 0.00 -76.51 -16.71 -8.76 -0.00 -0.00 -8.76 -0.00
12 -50.00 -10.00 0.00 -50.00 -10.00 0.00 -28.35 0.32 15.00 -50.00 -10.00 0.00 -78.57 -16.77 -11.24 -0.00 -0.00 -11.24 -0.00
13 -50.00 -10.00 0.00 -50.00 -10.00 0.00 30.00 0.54 15.00 -50.00 -10.00 0.00 -79.89 -16.83 -12.82 -0.00 -0.00 -12.82 -0.00
14 -50.00 -10.00 0.00 -50.00 -10.00 0.00 -50.00 2.54 15.00 -50.00 -10.00 0.00 -74.67 -16.87 -5.12 -0.00 -0.00 -5.12 -0.00
15 -50.00 -10.00 0.00 -50.00 -10.00 0.00 -46.90 2.30 15.00 -50.00 -10.00 0.00 -76.32 -16.91 -8.76 -0.00 -0.00 -8.76 -0.00
16 -50.00 -10.00 0.00 -50.00 -10.00 0.00 -38.60 2.10 15.00 -50.00 -10.00 0.00 -78.40 -16.97 -11.24 -0.00 -0.00 -11.24 -0.00
17 -50.00 -10.00 0.00 -50.00 -10.00 0.00 -7.87 2.03 15.00 -50.00 -10.00 0.00 -79.74 -17.03 -12.82 -0.00 -0.00 -12.82 -0.00
18 -50.00 -10.00 0.00 -50.00 -10.00 0.00 30.00 3.20 15.00 -50.00 -10.00 0.00 -80.42 -17.09 -13.71 -0.00 -0.00 -13.71 -0.00
19 -50.00 -10.00 0.00 -50.00 -10.00 0.00 -50.00 5.20 15.00 -50.00 -10.00 0.00 -74.56 -17.12 -5.12 -0.00 -0.00 -5.12 -0.00
20 -50.00 -10.00 0.00 -50.00 -10.00 0.00 -50.25 4.89 15.00 -50.00 -10.00 0.00 -76.11 -17.16 -8.76 -0.00 -0.00 -8.76 -0.00
21 -50.00 -10.00 0.00 -50.00 -10.00 0.00 -50.43 4.60 15.00 -50.00 -10.00 0.00 -78.19 -17.20 -11.24 -0.00 -0.00 -11.24 -0.00
22 -50.00 -10.00 0.00 -50.00 -10.00 0.00 -50.44 4.30 15.00 -50.00 -10.00 0.00 -79.55 -17.26 -12.82 -0.00 -0.00 -12.82 -0.00
23 -50.00 -10.00 0.00 -50.00 -10.00 0.00 -50.12 4.02 15.00 -50.00 -10.00 0.00 -80.25 -17.31 -13.71 -0.00 -0.00 -13.71 -0.00
24 -50.00 -10.00 0.00 -50.00 -10.00 0.00 -49.03 3.74 15.00 -50.00 -10.00 0.00 -80.51 -17.37 -14.08 -0.00 -0.00 -14.08 -0.00
25 -50.00 -10.00 0.00 -50.00 -10.00 0.00 -46.12 3.48 15.00 -50.00 -10.00 0.00 -80.48 -17.43 -14.05 -0.00 -0.00 -14.05 -0.00
26 -50.00 -10.00 0.00 -50.00 -10.00 0.00 -37.98 3.26 15.00 -50.00 -10.00 0.00 -80.24 -17.48 -13.74 -0.00 -0.00 -13.74 -0.00
27 -50.00 -10.00 0.00 -50.00 -10.00 0.00 -6.96 3.16 15.00 -50.00 -10.00 0.00 -79.86 -17.53 -13.22 -0.00 -0.00 -13.22 -0.00
28 -50.00 -10.00 0.00 -50.00 -10.00 0.00 30.00 4.36 15.00 -50.00 -10.00 0.00 -79.36 -17.57 -12.57 -0.00 -0.00 -12.57 -0.00
29 -50.00 -10.00 0.00 -50.00 -10.00 0.00 -50.00 6.36 15.00 -50.00 -10.00 0.00 -74.05 -17.59 -5.12 -0.00 -0.00 -5.12 -0.00
30 -50.00 -10.00 0.00 -50.00 -10.00 0.00 -51.69 6.03 15.00 -50.00 -10.00 0.00 -75.62 -17.62 -8.76 -0.00 -0.00 -8.76 -0.00
31 -50.00 -10.00 0.00 -50.00 -10.00 0.00 -54.83 5.69 15.00 -50.00 -10.00 0.00 -77.78 -17.66 -11.24 -0.00 -0.00 -11.24 -0.00
32 -50.00 -10.00 0.00 -50.00 -10.00 0.00 -60.01 5.33 15.00 -50.00 -10.00 0.00 -79.20 -17.70 -12.82 -0.00 -0.00 -12.82 -0.00
33 -50.00 -10.00 0.00 -50.00 -10.00 0.00 -66.46 4.96 15.00 -50.00 -10.00 0.00 -79.93 -17.74 -13.71 -0.00 -0.00 -13.71 -0.00
34 -50.00 -10.00 0.00 -50.00 -10.00 0.00 -71.44 4.58 15.00 -50.00 -10.00 0.00 -80.21 -17.79 -14.08 -0.00 -0.00 -14.08 -0.00
35 -50.00 -10.00 0.00 -50.00 -10.00 0.00 -73.57 4.19 15.00 -50.00 -10.00 0.00 -80.19 -17.84 -14.05 -0.00 -0.00 -14.05 -0.00
36 -50.00 -10.00 0.00 -50.00 -10.00 0.00 -73.99 3.81 15.00 -50.00 -10.00 0.00 -79.95 -17.88 -13.74 -0.00 -0.00 -13.74 -0.00
37 -50.00 -10.00 0.00 -50.00 -10.00 0.00 -73.82 3.44 15.00 -50.00 -10.00 0.00 -79.57 -17.92 -13.22 -0.00 -0.00 -13.22 -0.00
38 -50.00 -10.00 0.00 -50.00 -10.00 0.00 -73.48 3.08 15.00 -50.00 -10.00 0.00 -79.07 -17.96 -12.57 -0.00 -0.00 -12.57 -0.00
39 -50.00 -10.00 0.00 -50.00 -10.00 0.00 -73.09 2.72 15.00 -50.00 -10.00 0.00 -78.49 -17.99 -11.83 -0.00 -0.00 -11.83 -0.00
40 -50.00 -10.00 0.00 -50.00 -10.00 0.00 -72.68 2.38 15.00 -50.00 -10.00 0.00 -77.86 -18.02 -11.04 -0.00 -0.00 -11.04 -0.00
41 -50.00 -10.00 0.00 -50.00 -10.00 0.00 -72.27 2.04 15.00 -50.00 -10.00 0.00 -77.18 -18.04 -10.24 -0.00 -0.00 -10.24 -0.00
42 -50.00 -10.00 0.00 -50.00 -10.00 0.00 -71.84 1.71 15.00 -50.00 -10.00 0.00 -76.48 -18.07 -9.43 -0.00 -0.00 -9.43 -0.00
43 -50.00 -10.00 0.00 -50.00 -10.00 0.00 -71.41 1.39 15.00 -50.00 -10.00 0.00 -75.76 -18.08 -8.65 -0.00 -0.00 -8.65 -0.00
44 -50.00 -10.00 0.00 -50.00 -10.00 0.00 -70.97 1.08 15.00 -50.00 -10.00 0.00 -75.04 -18.10 -7.89 -0.00 -0.00 -7.89 -0.00
45 -50.00 -10.00 0.00 -50.00 -10.00 0.00 -70.52 0.78 15.00 -50.00 -10.00 0.00 -74.31 -18.11 -7.17 -0.00 -0.00 -7.17 -0.00
46 -50.00 -10.00 0.00 -50.00 -10.00 0.00 -70.06 0.48 15.00 -50.00 -10.00 0.00 -73.59 -18.11 -6.50 -0.00 -0.00 -6.50 -0.00
47 -50.00 -10.00 0.00 -50.00 -10.00 0.00 -69.59 0.19 15.00 -50.00 -10.00 0.00 -72.87 -18.11 -5.87 -0.00 -0.00 -5.87 -0.00
48 -50.00 -10.00 0.00 -50.00 -10.00 0.00 -69.10 -0.09 15.00 -50.00 -10.00 0.00 -72.17 -18.11 -5.28 -0.00 -0.00 -5.28 -0.00
49 -50.00 -10.00 0.00 -50.00 -10.00 0.00 -68.60 -0.36 15.00 -50.00 -10.00 0.00 -71.48 -18.11 -4.75 -0.00 -0.00 -4.75 -0.00
50 -50.00 -10.00 0.00 -50.00 -10.00 0.00 -68.07 -0.62 15.00 -50.00 -10.00 0.00 -70.80 -18.10 -4.26 -0.00 -0.00 -4.26 -0.00
51 -50.00 -10.00 0.00 -50.00 -10.00 0.00 -67.52 -0.88 15.00 -50.00 -10.00 0.00 -70.13 -18.09 -3.81 -0.00 -0.00 -3.81 -0.00
52 -50.00 -10.00 0.00 -50.00 -10.00 0.00 -66.94 -1.13 15.00 -50.00 -10.00 0.00 -69.47 -18.07 -3.40 -0.00 -0.00 -3.40 -0.00
53 -50.00 -10.00 0.00 -50.00 -10.00 0.00 -66.33 -1.38 15.00 -50.00 -10.00 0.00 -68.83 -18.06 -3.03 -0.00 -0.00 -3.03 -0.00
54 -50.00 -10.00 0.00 -50.00 -10.00 0.00 -65.67 -1.61 15.00 -50.00 -10.00 0.00 -68.21 -18.04 -2.70 -0.00 -0.00 -2.70 -0.00
55 -50.00 -10.00 0.00 -50.00 -10.00 0.00 -64.95 -1.84 15.00 -50.00 -10.00 0.00 -67.59 -18.01 -2.39 -0.00 -0.00 -2.39 -0.00
56 -50.00 -10.00 0.00 -50.00 -10.00 0.00 -64.16 -2.06 15.00 -50.00 -10.00 0.00 -66.98 -17.99 -2.12 -0.00 -0.00 -2.12 -0.00
57 -50.00 -10.00 0.00 -50.00 -10.00 0.00 -63.27 -2.27 15.00 -50.00 -10.00 0.00 -66.38 -17.96 -1.88 -0.00 -0.00 -1.88 -0.00
58 -50.00 -10.00 0.00 -50.00 -10.00 0.00 -62.24 -2.47 15.00 -50.00 -10.00 0.00 -65.78 -17.93 -1.67 -0.00 -0.00 -1.67 -0.00
59 -50.00 -10.00 0.00 -50.00 -10.00 0.00 -61.00 -2.67 15.00 -50.00 -10.00 0.00 -65.18 -17.90 -1.47 -0.00 -0.00 -1.47 -0.00
60 -50.00 -10.00 0.00 -50.00 -10.00 0.00 -59.43 -2.85 15.00 -50.00 -10.00 0.00 -64.58 -17.86 -1.30 -0.00 -0.00 -1.30 -0.00
61 -50.00 -10.00 0.00 -50.00 -10.00 0.00 -57.31 -3.02 15.00 -50.00 -10.00 0.00 -63.97 -17.83 -1.15 -0.00 -0.00 -1.15 -0.00
62 -50.00 -10.00 0.00 -50.00 -10.00 0.00 -54.13 -3.18 15.00 -50.00 -10.00 0.00 -63.33 -17.79 -1.01 -0.00 -0.00 -1.01 -0.00
63 -50.00 -10.00 0.00 -50.00 -10.00 0.00 -48.48 -3.31 15.00 -50.00 -10.00 0.00 -62.67 -17.74 -0.89 -0.00 -0.00 -0.89 -0.00
64 -50.00 -10.00 0.00 -50.00 -10.00 0.00 -35.29 -3.39 15.00 -50.00 -10.00 0.00 -61.96 -17.70 -0.78 -0.00 -0.00 -0.78 -0.00
65 -50.00 -10.00 0.00 -50.00 -10.00 0.00 18.76 -3.24 15.00 -50.00 -10.00 0.00 -61.18 -17.65 -0.69 -0.00 -0.00 -0.69 -0.00
66 -50.00 -10.00 0.00 -50.00 -10.00 0.00 30.00 1.11 15.00 -50.00 -10.00 0.00 -60.29 -17.60 -0.61 -0.00 -0.00 -0.61 -0.00
67 -50.00 -10.00 0.00 -50.00 -10.00 0.00 -50.00 3.11 15.00 -50.00 -10.00 0.00 -63.96 -17.57 -5.12 -0.00 -0.00 -5.12 -0.00
68 -50.00 -10.00 0.00 -50.00 -10.00 0.00 -47.62 2.86 15.00 -50.00 -10.00 0.00 -70.83 -17.57 -8.76 -0.00 -0.00 -8.76 -0.00
69 -50.00 -10.00 0.00 -50.00 -10.00 0.00 -41.33 2.63 15.00 -50.00 -10.00 0.00 -76.53 -17.60 -11.24 -0.00 -0.00 -11.24 -0.00
70 -50.00 -10.00 0.00 -50.00 -10.00 0.00 -20.37 2.50 15.00 -50.00 -10.00 0.00 -79.05 -17.64 -12.82 -0.00 -0.00 -12.82 -0.00
71 -50.00 -10.00 0.00 -50.00 -10.00 0.00 30.00 2.95 15.00 -50.00 -10.00 0.00 -79.95 -17.69 -13.71 -0.00 -0.00 -13.71 -0.00
72 -50.00 -10.00 0.00 -50.00 -10.00 0.00 -50.00 4.95 15.00 -50.00 -10.00 0.00 -74.05 -17.71 -5.12 -0.00 -0.00 -5.12 -0.00
73 -50.00 -10.00 0.00 -50.00 -10.00 0.00 -49.94 4.65 15.00 -50.00 -10.00 0.00 -75.54 -17.73 -8.76 -0.00 -0.00 -8.76 -0.00
74 -50.00 -10.00 0.00 -50.00 -10.00 0.00 -49.44 4.36 15.00 -50.00 -10.00 0.00 -77.68 -17.76 -11.24 -0.00 -0.00 -11.24 -0.00
75 -50.00 -10.00 0.00 -50.00 -10.00 0.00 -47.90 4.08 15.00 -50.00 -10.00 0.00 -79.11 -17.80 -12.82 -0.00 -0.00 -12.82 -0.00
76 -50.00 -10.00 0.00 -50.00 -10.00 0.00 -43.72 3.83 15.00 -50.00 -10.00 0.00 -79.85 -17.85 -13.71 -0.00 -0.00 -13.71 -0.00
77 -50.00 -10.00 0.00 -50.00 -10.00 0.00 -30.89 3.63 15.00 -50.00 -10.00 0.00 -80.13 -17.89 -14.08 -0.00 -0.00 -14.08 -0.00
78 -50.00 -10.00 0.00 -50.00 -10.00 0.00 30.00 3.69 15.00 -50.00 -10.00 0.00 -80.11 -17.93 -14.05 -0.00 -0.00 -14.05 -0.00
79 -50.00 -10.00 0.00 -50.00 -10.00 0.00 -50.00 5.69 15.00 -50.00 -10.00 0.00 -73.90 -17.94 -5.12 -0.00 -0.00 -5.12 -0.00
80 -50.00 -10.00 0.00 -50.00 -10.00 0.00 -50.85 5.37 15.00 -50.00 -10.00 0.00 -75.32 -17.96 -8.76 -0.00 -0.00 -8.76 -0.00
81 -50.00 -10.00 0.00 -50.00 -10.00 0.00 -52.32 5.05 15.00 -50.00 -10.00 0.00 -77.47 -17.99 -11.24 -0.00 -0.00 -11.24 -0.00
82 -50.00 -10.00 0.00 -50.00 -10.00 0.00 -54.89 4.73 15.00 -50.00 -10.00 0.00 -78.93 -18.03 -12.82 -0.00 -0.00 -12.82 -0.00
83 -50.00 -10.00 0.00 -50.00 -10.00 0.00 -59.05 4.40 15.00 -50.00 -10.00 0.00 -79.69 -18.06 -13.71 -0.00 -0.00 -13.71 -0.00
84 -50.00 -10.00 0.00 -50.00 -10.00 0.00 -64.45 4.05 15.00 -50.00 -10.00 0.00 -79.98 -18.10 -14.08 -0.00 -0.00 -14.08 -0.00
85 -50.00 -10.00 0.00 -50.00 -10.00 0.00 -69.27 3.70 15.00 -50.00 -10.00 0.00 -79.96 -18.14 -14.05 -0.00 -0.00 -14.05 -0.00
86 -50.00 -10.00 0.00 -50.00 -10.00 0.00 -71.91 3.33 15.00 -50.00 -10.00 0.00 -79.73 -18.18 -13.74 -0.00 -0.00 -13.74 -0.00
87 -50.00 -10.00 0.00 -50.00 -10.00 0.00 -72.75 2.98 15.00 -50.00 -10.00 0.00 -79.35 -18.21 -13.22 -0.00 -0.00 -13.22 -0.00
88 -50.00 -10.00 0.00 -50.00 -10.00 0.00 -72.77 2.63 15.00 -50.00 -10.00 0.00 -78.85 -18.24 -12.57 -0.00 -0.00 -12.57 -0.00
89 -50.00 -10.00 0.00 -50.00 -10.00 0.00 -72.50 2.28 15.00 -50.00 -10.00 0.00 -78.27 -18.27 -11.83 -0.00 -0.00 -11.83 -0.00
90 -50.00 -10.00 0.00 -50.00 -10.00 0.00 -72.13 1.95 15.00 -50.00 -10.00 0.00 -77.64 -18.29 -11.04 -0.00 -0.00 -11.04 -0.00
91 -50.00 -10.00 0.00 -50.00 -10.00 0.00 -71.72 1.62 15.00 -50.00 -10.00 0.00 -76.96 -18.31 -10.24 -0.00 -0.00 -10.24 -0.00
92 -50.00 -10.00 0.00 -50.00 -10.00 0.00 -71.29 1.31 15.00 -50.00 -10.00 0.00 -76.25 -18.32 -9.43 -0.00 -0.00 -9.43 -0.00
93 -50.00 -10.00 0.00 -50.00 -10.00 0.00 -70.85 1.00 15.00 -50.00 -10.00 0.00 -75.53 -18.33 -8.65 -0.00 -0.00 -8.65 -0.00
94 -50.00 -10.00 0.00 -50.00 -10.00 0.00 -70.40 0.70 15.00 -50.00 -10.00 0.00 -74.80 -18.34 -7.89 -0.00 -0.00 -7.89 -0.00
95 -50.00 -10.00 0.00 -50.00 -10.00 0.00 -69.93 0.40 15.00 -50.00 -10.00 0.00 -74.06 -18.34 -7.17 -0.00 -0.00 -7.17 -0.00
96 -50.00 -10.00 0.00 -50.00 -10.00 0.00 -69.46 0.12 15.00 -50.00 -10.00 0.00 -73.33 -18.34 -6.50 -0.00 -0.00 -6.50 -0.00
97 -50.00 -10.00 0.00 -50.00 -10.00 0.00 -68.96 -0.16 15.00 -50.00 -10.00 0.00 -72.61 -18.34 -5.87 -0.00 -0.00 -5.87 -0.00
98 -50.00 -10.00 0.00 -50.00 -10.00 0.00 -68.45 -0.43 15.00 -50.00 -10.00 0.00 -71.89 -18.33 -5.28 -0.00 -0.00 -5.28 -0.00
99 -50.00 -10.00 0.00 -50.00 -10.00 0.00 -67.92 -0.70 15.00 -50.00 -10.00 0.00 -71.19 -18.32 -4.75 -0.00 -0.00 -4.75 -0.00
100 -50.00 -10.00 0.00 -50.00 -10.00 0.00 -67.37 -0.95 15.00 -50.00 -10.00 0.00 -70.49 -18.31 -4.26 -0.00 -0.00 -4.26 -0.00
101 -30.12 -9.92 15.00 -50.00 -10.00 0.00 -79.29 -1.25 0.00 -50.00 -10.00 0.00 -69.81 -18.29 -3.81 -0.00 -0.00 -3.81 -0.00
102 30.00 -9.46 15.00 -50.00 -10.00 0.00 -81.69 -1.55 0.00 -50.00 -10.00 0.00 -69.14 -18.27 -3.40 -0.00 -0.00 -3.40 -0.00
103 -50.00 -7.46 15.00 -50.00 -10.00 0.00 -81.67 -1.85 0.00 -50.00 -10.00 0.00 -72.82 -18.27 -8.14 -5.11 -0.00 -3.03 -0.00
104 -33.65 -7.44 15.00 -50.00 -10.00 0.00 -81.49 -2.14 0.00 -50.00 -10.00 0.00 -76.78 -18.29 -11.44 -8.74 -0.00 -2.70 -0.00
105 30.00 -7.15 15.00 -50.00 -10.00 0.00 -81.30 -2.42 0.00 -50.00 -10.00 0.00 -79.16 -18.32 -13.61 -11.22 -0.00 -2.39 -0.00
106 -50.00 -5.15 15.00 -50.00 -10.00 0.00 -81.11 -2.69 0.00 -50.00 -10.00 0.00 -75.02 -18.33 -7.23 -5.11 -0.00 -2.12 -0.00
107 -36.80 -5.19 15.00 -50.00 -10.00 0.00 -80.92 -2.96 0.00 -50.00 -10.00 0.00 -76.70 -18.34 -10.62 -8.74 -0.00 -1.88 -0.00
108 13.78 -5.03 15.00 -50.00 -10.00 0.00 -80.74 -3.23 0.00 -50.00 -10.00 0.00 -78.61 -18.37 -12.88 -11.22 -0.00 -1.67 -0.00
109 30.00 -1.37 15.00 -50.00 -10.00 0.00 -80.56 -3.49 0.00 -50.00 -10.00 0.00 -79.79 -18.40 -14.27 -12.80 -0.00 -1.47 -0.00
110 -50.00 0.63 15.00 -50.00 -10.00 0.00 -80.38 -3.74 0.00 -50.00 -10.00 0.00 -74.46 -18.41 -6.41 -5.11 -0.00 -1.30 -0.00
111 -44.44 0.44 15.00 -50.00 -10.00 0.00 -80.20 -3.98 0.00 -50.00 -10.00 0.00 -75.97 -18.42 -9.89 -8.74 -0.00 -1.15 -0.00
112 -28.35 0.32 15.00 -50.00 -10.00 0.00 -80.03 -4.22 0.00 -50.00 -10.00 0.00 -77.98 -18.44 -12.23 -11.22 -0.00 -1.01 -0.00
113 30.00 0.54 15.00 -50.00 -10.00 0.00 -79.86 -4.46 0.00 -50.00 -10.00 0.00 -79.28 -18.47 -13.69 -12.80 -0.00 -0.89 -0.00
114 -50.00 2.54 15.00 -50.00 -10.00 0.00 -79.69 -4.69 0.00 -50.00 -10.00 0.00 -73.95 -18.47 -5.89 -5.11 -0.00 -0.78 -0.00
115 -46.90 2.30 15.00 -50.00 -10.00 0.00 -79.52 -4.91 0.00 -50.00 -10.00 0.00 -75.45 -18.48 -9.43 -8.74 -0.00 -0.69 -0.00
116 -38.60 2.10 15.00 -50.00 -10.00 0.00 -79.35 -5.13 0.00 -50.00 -10.00 0.00 -77.55 -18.49 -11.82 -11.22 -0.00 -0.61 -0.00
117 -7.87 2.03 15.00 -50.00 -10.00 0.00 -79.19 -5.35 0.00 -50.00 -10.00 0.00 -78.94 -18.52 -13.33 -12.80 -0.00 -0.53 -0.00
118 30.00 3.20 15.00 -50.00 -10.00 0.00 -79.03 -5.56 0.00 -50.00 -10.00 0.00 -79.65 -18.55 -14.15 -13.68 -0.00 -0.47 -0.00
119 -50.00 5.20 15.00 -50.00 -10.00 0.00 -78.87 -5.76 0.00 -50.00 -10.00 0.00 -73.67 -18.54 -5.52 -5.11 -0.00 -0.41 -0.00
120 -50.25 4.89 15.00 -50.00 -10.00 0.00 -78.72 -5.96 0.00 -50.00 -10.00 0.00 -75.06 -18.55 -9.10 -8.74 -0.00 -0.36 -0.00
121 -50.43 4.60 15.00 -50.00 -10.00 0.00 -78.56 -6.15 0.00 -50.00 -10.00 0.00 -77.21 -18.56 -11.53 -11.22 -0.00 -0.31 -0.00
122 -50.44 4.30 15.00 -50.00 -10.00 0.00 -78.41 -6.34 0.00 -50.00 -10.00 0.00 -78.67 -18.59 -13.07 -12.80 -0.00 -0.28 -0.00
123 -50.12 4.02 15.00 -50.00 -10.00 0.00 -78.26 -6.53 0.00 -50.00 -10.00 0.00 -79.43 -18.61 -13.93 -13.68 -0.00 -0.24 -0.00
124 -49.03 3.74 15.00 -50.00 -10.00 0.00 -78.11 -6.71 0.00 -50.00 -10.00 0.00 -79.72 -18.64 -14.26 -14.05 -0.00 -0.21 -0.00
125 -46.12 3.48 15.00 -50.00 -10.00 0.00 -77.97 -6.89 0.00 -50.00 -10.00 0.00 -79.69 -18.66 -14.21 -14.02 -0.00 -0.18 -0.00
126 -37.98 3.26 15.00 -50.00 -10.00 0.00 -77.82 -7.06 0.00 -50.00 -10.00 0.00 -79.45 -18.69 -13.87 -13.71 -0.00 -0.16 -0.00
127 -6.96 3.16 15.00 -50.00 -10.00 0.00 -77.68 -7.23 0.00 -50.00 -10.00 0.00 -79.06 -18.71 -13.34 -13.20 -0.00 -0.14 -0.00
128 30.00 4.36 15.00 -50.00 -10.00 0.00 -77.54 -7.40 0.00 -50.00 -10.00 0.00 -78.55 -18.73 -12.67 -12.55 -0.00 -0.12 -0.00
129 -50.00 6.36 15.00 -50.00 -10.00 0.00 -77.40 -7.56 0.00 -50.00 -10.00 0.00 -73.13 -18.72 -5.21 -5.11 -0.00 -0.11 -0.00
130 -51.69 6.03 15.00 -50.00 -10.00 0.00 -77.27 -7.72 0.00 -50.00 -10.00 0.00 -74.56 -18.72 -8.83 -8.74 -0.00 -0.09 -0.00
131 -54.83 5.69 15.00 -50.00 -10.00 0.00 -77.13 -7.87 0.00 -50.00 -10.00 0.00 -76.80 -18.73 -11.30 -11.22 -0.00 -0.08 -0.00
132 -60.01 5.33 15.00 -50.00 -10.00 0.00 -77.00 -8.02 0.00 -50.00 -10.00 0.00 -78.35 -18.74 -12.87 -12.80 -0.00 -0.07 -0.00
133 -66.46 4.96 15.00 -50.00 -10.00 0.00 -76.87 -8.17 0.00 -50.00 -10.00 0.00 -79.17 -18.76 -13.75 -13.68 -0.00 -0.06 -0.00
134 -71.44 4.58 15.00 -50.00 -10.00 0.00 -76.74 -8.31 0.00 -50.00 -10.00 0.00 -79.48 -18.79 -14.10 -14.05 -0.00 -0.05 -0.00
135 -73.57 4.19 15.00 -50.00 -10.00 0.00 -76.62 -8.45 0.00 -50.00 -10.00 0.00 -79.48 -18.81 -14.07 -14.02 -0.00 -0.05 -0.00
136 -73.99 3.81 15.00 -50.00 -10.00 0.00 -76.49 -8.59 0.00 -50.00 -10.00 0.00 -79.26 -18.83 -13.75 -13.71 -0.00 -0.04 -0.00
137 -73.82 3.44 15.00 -50.00 -10.00 0.00 -76.37 -8.72 0.00 -50.00 -10.00 0.00 -78.87 -18.85 -13.23 -13.20 -0.00 -0.04 -0.00
138 -73.48 3.08 15.00 -50.00 -10.00 0.00 -76.25 -8.85 0.00 -50.00 -10.00 0.00 -78.37 -18.86 -12.58 -12.55 -0.00 -0.03 -0.00
139 -73.09 2.72 15.00 -50.00 -10.00 0.00 -76.13 -8.98 0.00 -50.00 -10.00 0.00 -77.79 -18.87 -11.84 -11.81 -0.00 -0.03 -0.00
140 -72.68 2.38 15.00 -50.00 -10.00 0.00 -76.01 -9.11 0.00 -50.00 -10.00 0.00 -77.14 -18.88 -11.05 -11.02 -0.00 -0.02 -0.00
141 -72.27 2.04 15.00 -50.00 -10.00 0.00 -75.89 -9.23 0.00 -50.00 -10.00 0.00 -76.45 -18.89 -10.24 -10.22 -0.00 -0.02 -0.00
142 -71.84 1.71 15.00 -50.00 -10.00 0.00 -75.78 -9.35 0.00 -50.00 -10.00 0.00 -75.73 -18.89 -9.43 -9.41 -0.00 -0.02 -0.00
143 -71.41 1.39 15.00 -50.00 -10.00 0.00 -75.67 -9.46 0.00 -50.00 -10.00 0.00 -75.00 -18.88 -8.64 -8.63 -0.00 -0.02 -0.00
144 -70.97 1.08 15.00 -50.00 -10.00 0.00 -75.56 -9.58 0.00 -50.00 -10.00 0.00 -74.25 -18.88 -7.89 -7.88 -0.00 -0.01 -0.00
145 -70.52 0.78 15.00 -50.00 -10.00 0.00 -75.45 -9.69 0.00 -50.00 -10.00 0.00 -73.50 -18.87 -7.17 -7.16 -0.00 -0.01 -0.00
146 -70.06 0.48 15.00 -50.00 -10.00 0.00 -75.34 -9.79 0.00 -50.00 -10.00 0.00 -72.74 -18.85 -6.50 -6.49 -0.00 -0.01 -0.00
147 -69.59 0.19 15.00 -50.00 -10.00 0.00 -75.24 -9.90 0.00 -50.00 -10.00 0.00 -72.00 -18.84 -5.87 -5.86 -0.00 -0.01 -0.00
148 -69.10 -0.09 15.00 -50.00 -10.00 0.00 -75.13 -10.00 0.00 -50.00 -10.00 0.00 -71.25 -18.82 -5.28 -5.27 -0.00 -0.01 -0.00
149 -68.60 -0.36 15.00 -50.00 -10.00 0.00 -75.03 -10.10 0.00 -50.00 -10.00 0.00 -70.52 -18.79 -4.75 -4.74 -0.00 -0.01 -0.00
150 -68.07 -0.62 15.00 -50.00 -10.00 0.00 -74.93 -10.20 0.00 -50.00 -10.00 0.00 -69.79 -18.77 -4.25 -4.25 -0.00 -0.01 -0.00
151 -67.52 -0.88 15.00 -50.00 -10.00 0.00 -74.83 -10.29 0.00 -50.00 -10.00 0.00 -69.07 -18.74 -3.80 -3.80 -0.00 -0.00 -0.00
152 -66.94 -1.13 15.00 -50.00 -10.00 0.00 -74.74 -10.39 0.00 -50.00 -10.00 0.00 -68.36 -18.70 -3.40 -3.39 -0.00 -0.00 -0.00
153 -66.33 -1.38 15.00 -50.00 -10.00 0.00 -74.64 -10.48 0.00 -50.00 -10.00 0.00 -67.65 -18.67 -3.03 -3.02 -0.00 -0.00 -0.00
154 -65.67 -1.61 15.00 -50.00 -10.00 0.00 -74.55 -10.57 0.00 -50.00 -10.00 0.00 -66.94 -18.63 -2.69 -2.69 -0.00 -0.00 -0.00
155 -64.95 -1.84 15.00 -50.00 -10.00 0.00 -74.45 -10.65 0.00 -50.00 -10.00 0.00 -66.23 -18.59 -2.39 -2.39 -0.00 -0.00 -0.00
156 -64.16 -2.06 15.00 -50.00 -10.00 0.00 -74.36 -10.74 0.00 -50.00 -10.00 0.00 -65.52 -18.54 -2.12 -2.12 -0.00 -0.00 -0.00
157 -63.27 -2.27 15.00 -50.00 -10.00 0.00 -74.27 -10.82 0.00 -50.00 -10.00 0.00 -64.78 -18.50 -1.88 -1.88 -0.00 -0.00 -0.00
158 -62.24 -2.47 15.00 -50.00 -10.00 0.00 -74.19 -10.90 0.00 -50.00 -10.00 0.00 -64.03 -18.45 -1.66 -1.66 -0.00 -0.00 -0.00
159 -61.00 -2.67 15.00 -50.00 -10.00 0.00 -74.10 -10.98 0.00 -50.00 -10.00 0.00 -63.23 -18.39 -1.47 -1.47 -0.00 -0.00 -0.00
160 -59.43 -2.85 15.00 -50.00 -10.00 0.00 -74.01 -11.06 0.00 -50.00 -10.00 0.00 -62.38 -18.34 -1.30 -1.30 -0.00 -0.00 -0.00
161 -57.31 -3.02 15.00 -50.00 -10.00 0.00 -73.93 -11.13 0.00 -50.00 -10.00 0.00 -61.43 -18.28 -1.15 -1.15 -0.00 -0.00 -0.00
162 -54.13 -3.18 15.00 -50.00 -10.00 0.00 -73.85 -11.20 0.00 -50.00 -10.00 0.00 -60.34 -18.21 -1.01 -1.01 -0.00 -0.00 -0.00
163 -48.48 -3.31 15.00 -50.00 -10.00 0.00 -73.77 -11.27 0.00 -50.00 -10.00 0.00 -59.01 -18.14 -0.89 -0.89 -0.00 -0.00 -0.00
164 -35.29 -3.39 15.00 -50.00 -10.00 0.00 -73.69 -11.34 0.00 -50.00 -10.00 0.00 -57.29 -18.07 -0.78 -0.78 -0.00 -0.00 -0.00
165 18.76 -3.24 15.00 -50.00 -10.00 0.00 -73.61 -11.41 0.00 -50.00 -10.00 0.00 -54.83 -17.98 -0.69 -0.69 -0.00 -0.00 -0.00
166 30.00 1.11 15.00 -50.00 -10.00 0.00 -73.53 -11.48 0.00 -50.00 -10.00 0.00 -50.75 -17.88 -0.61 -0.60 -0.00 -0.00 -0.00
167 -50.00 3.11 15.00 -50.00 -10.00 0.00 -73.46 -11.54 0.00 -50.00 -10.00 0.00 -48.21 -17.76 -5.11 -5.11 -0.00 -0.00 -0.00
168 -47.62 2.86 15.00 -50.00 -10.00 0.00 -73.38 -11.60 0.00 -50.00 -10.00 0.00 -47.00 -17.64 -8.74 -8.74 -0.00 -0.00 -0.00
169 -41.33 2.63 15.00 -50.00 -10.00 0.00 -73.31 -11.66 0.00 -50.00 -10.00 0.00 -47.28 -17.52 -11.22 -11.22 -0.00 -0.00 -0.00
170 -20.37 2.50 15.00 -50.00 -10.00 0.00 -73.24 -11.72 0.00 -50.00 -10.00 0.00 -50.20 -17.42 -12.80 -12.80 -0.00 -0.00 -0.00
171 30.00 2.95 15.00 -50.00 -10.00 0.00 -73.17 -11.78 0.00 -50.00 -10.00 0.00 -58.05 -17.36 -13.69 -13.68 -0.00 -0.00 -0.00
172 -50.00 4.95 15.00 -50.00 -10.00 0.00 -73.10 -11.84 0.00 -50.00 -10.00 0.00 -61.48 -17.32 -5.11 -5.11 -0.00 -0.00 -0.00
173 -49.94 4.65 15.00 -50.00 -10.00 0.00 -73.03 -11.89 0.00 -50.00 -10.00 0.00 -68.97 -17.32 -8.74 -8.74 -0.00 -0.00 -0.00
174 -49.44 4.36 15.00 -50.00 -10.00 0.00 -72.97 -11.95 0.00 -50.00 -10.00 0.00 -75.98 -17.36 -11.22 -11.22 -0.00 -0.00 -0.00
175 -47.90 4.08 15.00 -50.00 -10.00 0.00 -72.90 -12.00 0.00 -50.00 -10.00 0.00 -79.11 -17.40 -12.80 -12.80 -0.00 -0.00 -0.00
176 -43.72 3.83 15.00 -50.00 -10.00 0.00 -72.84 -12.05 0.00 -50.00 -10.00 0.00 -80.10 -17.46 -13.68 -13.68 -0.00 -0.00 -0.00
177 -30.89 3.63 15.00 -50.00 -10.00 0.00 -72.78 -12.10 0.00 -50.00 -10.00 0.00 -80.39 -17.51 -14.05 -14.05 -0.00 -0.00 -0.00
178 30.00 3.69 15.00 -50.00 -10.00 0.00 -72.72 -12.15 0.00 -50.00 -10.00 0.00 -80.37 -17.56 -14.02 -14.02 -0.00 -0.00 -0.00
179 -50.00 5.69 15.00 -50.00 -10.00 0.00 -72.66 -12.20 0.00 -50.00 -10.00 0.00 -74.20 -17.58 -5.11 -5.11 -0.00 -0.00 -0.00
180 -50.85 5.37 15.00 -50.00 -10.00 0.00 -72.60 -12.25 0.00 -50.00 -10.00 0.00 -75.66 -17.61 -8.74 -8.74 -0.00 -0.00 -0.00
181 -52.32 5.05 15.00 -50.00 -10.00 0.00 -72.54 -12.29 0.00 -50.00 -10.00 0.00 -77.78 -17.64 -11.22 -11.22 -0.00 -0.00 -0.00
182 -54.89 4.73 15.00 -50.00 -10.00 0.00 -72.48 -12.33 0.00 -50.00 -10.00 0.00 -79.19 -17.69 -12.80 -12.80 -0.00 -0.00 -0.00
183 -59.05 4.40 15.00 -50.00 -10.00 0.00 -72.43 -12.38 0.00 -50.00 -10.00 0.00 -79.92 -17.73 -13.68 -13.68 -0.00 -0.00 -0.00
184 -64.45 4.05 15.00 -50.00 -10.00 0.00 -72.37 -12.42 0.00 -50.00 -10.00 0.00 -80.20 -17.78 -14.05 -14.05 -0.00 -0.00 -0.00
185 -69.27 3.70 15.00 -50.00 -10.00 0.00 -72.32 -12.46 0.00 -50.00 -10.00 0.00 -80.18 -17.83 -14.02 -14.02 -0.00 -0.00 -0.00
186 -71.91 3.33 15.00 -50.00 -10.00 0.00 -72.26 -12.50 0.00 -50.00 -10.00 0.00 -79.94 -17.87 -13.71 -13.71 -0.00 -0.00 -0.00
187 -72.75 2.98 15.00 -50.00 -10.00 0.00 -72.21 -12.54 0.00 -50.00 -10.00 0.00 -79.56 -17.91 -13.20 -13.20 -0.00 -0.00 -0.00
188 -72.77 2.63 15.00 -50.00 -10.00 0.00 -72.16 -12.58 0.00 -50.00 -10.00 0.00 -79.06 -17.95 -12.55 -12.55 -0.00 -0.00 -0.00
189 -72.50 2.28 15.00 -50.00 -10.00 0.00 -72.11 -12.61 0.00 -50.00 -10.00 0.00 -78.48 -17.98 -11.81 -11.81 -0.00 -0.00 -0.00
190 -72.13 1.95 15.00 -50.00 -10.00 0.00 -72.06 -12.65 0.00 -50.00 -10.00 0.00 -77.85 -18.01 -11.02 -11.02 -0.00 -0.00 -0.00
191 -71.72 1.62 15.00 -50.00 -10.00 0.00 -72.02 -12.69 0.00 -50.00 -10.00 0.00 -77.17 -18.03 -10.22 -10.22 -0.00 -0.00 -0.00
192 -71.29 1.31 15.00 -50.00 -10.00 0.00 -71.97 -12.72 0.00 -50.00 -10.00 0.00 -76.47 -18.06 -9.41 -9.41 -0.00 -0.00 -0.00
193 -70.85 1.00 15.00 -50.00 -10.00 0.00 -71.92 -12.75 0.00 -50.00 -10.00 0.00 -75.76 -18.07 -8.63 -8.63 -0.00 -0.00 -0.00
194 -70.40 0.70 15.00 -50.00 -10.00 0.00 -71.88 -12.79 0.00 -50.00 -10.00 0.00 -75.03 -18.09 -7.88 -7.88 -0.00 -0.00 -0.00
195 -69.93 0.40 15.00 -50.00 -10.00 0.00 -71.84 -12.82 0.00 -50.00 -10.00 0.00 -74.31 -18.10 -7.16 -7.16 -0.00 -0.00 -0.00
196 -69.46 0.12 15.00 -50.00 -10.00 0.00 -71.79 -12.85 0.00 -50.00 -10.00 0.00 -73.59 -18.10 -6.49 -6.49 -0.00 -0.00 -0.00
197 -68.96 -0.16 15.00 -50.00 -10.00 0.00 -71.75 -12.88 0.00 -50.00 -10.00 0.00 -72.87 -18.11 -5.86 -5.86 -0.00 -0.00 -0.00
198 -68.45 -0.43 15.00 -50.00 -10.00 0.00 -71.71 -12.91 0.00 -50.00 -10.00 0.00 -72.17 -18.10 -5.27 -5.27 -0.00 -0.00 -0.00
199 -67.92 -0.70 15.00 -50.00 -10.00 0.00 -71.67 -12.94 0.00 -50.00 -10.00 0.00 -71.47 -18.10 -4.74 -4.74 -0.00 -0.00 -0.00
200 -67.37 -0.95 15.00 -50.00 -10.00 0.00 -71.63 -12.96 0.00 -50.00 -10.00 0.00 -70.79 -18.09 -4.25 -4.25 -0.00 -0.00 -0.00
201 -79.29 -1.25 0.00 -50.00 -10.00 0.00 -71.59 -12.99 0.00 -30.12 -9.92 15.00 -70.13 -18.08 -3.80 -3.80 -0.00 -0.00 -0.00
202 -81.69 -1.55 0.00 -50.00 -10.00 0.00 -71.55 -13.02 0.00 30.00 -9.46 15.00 -69.48 -18.07 -3.39 -3.39 -0.00 -0.00 -0.00
203 -81.67 -1.85 0.00 -50.00 -10.00 0.00 -71.52 -13.04 0.00 -50.00 -7.46 15.00 -73.55 -18.07 -8.63 -3.02 -0.00 -0.00 -5.61
204 -81.49 -2.14 0.00 -50.00 -10.00 0.00 -71.48 -13.07 0.00 -33.65 -7.44 15.00 -77.69 -18.10 -12.22 -2.69 -0.00 -0.00 -9.53
205 -81.30 -2.42 0.00 -50.00 -10.00 0.00 -71.44 -13.09 0.00 30.00 -7.15 15.00 -80.04 -18.14 -14.53 -2.39 -0.00 -0.00 -12.14
206 -81.11 -2.69 0.00 -50.00 -10.00 0.00 -71.41 -13.12 0.00 -50.00 -5.15 15.00 -75.63 -18.15 -7.73 -2.12 -0.00 -0.00 -5.61
207 -80.92 -2.96 0.00 -50.00 -10.00 0.00 -71.38 -13.14 0.00 -36.80 -5.19 15.00 -77.52 -18.18 -11.41 -1.88 -0.00 -0.00 -9.53
208 -80.74 -3.23 0.00 -50.00 -10.00 0.00 -71.34 -13.16 0.00 13.78 -5.03 15.00 -79.48 -18.21 -13.81 -1.66 -0.00 -0.00 -12.14
209 -80.56 -3.49 0.00 -50.00 -10.00 0.00 -71.31 -13.18 0.00 30.00 -1.37 15.00 -80.61 -18.25 -15.23 -1.47 -0.00 -0.00 -13.76
210 -80.38 -3.74 0.00 -50.00 -10.00 0.00 -71.28 -13.20 0.00 -50.00 0.63 15.00 -75.04 -18.26 -6.91 -1.30 -0.00 -0.00 -5.61
211 -80.20 -3.98 0.00 -50.00 -10.00 0.00 -71.25 -13.23 0.00 -44.44 0.44 15.00 -76.79 -18.28 -10.68 -1.15 -0.00 -0.00 -9.53
212 -80.03 -4.22 0.00 -50.00 -10.00 0.00 -71.22 -13.25 0.00 -28.35 0.32 15.00 -78.86 -18.31 -13.15 -1.01 -0.00 -0.00 -12.14
213 -79.86 -4.46 0.00 -50.00 -10.00 0.00 -71.19 -13.27 0.00 30.00 0.54 15.00 -80.11 -18.34 -14.64 -0.89 -0.00 -0.00 -13.76
214 -79.69 -4.69 0.00 -50.00 -10.00 0.00 -71.16 -13.29 0.00 -50.00 2.54 15.00 -74.53 -18.35 -6.39 -0.78 -0.00 -0.00 -5.61
215 -79.52 -4.91 0.00 -50.00 -10.00 0.00 -71.13 -13.30 0.00 -46.90 2.30 15.00 -76.27 -18.36 -10.22 -0.69 -0.00 -0.00 -9.53
216 -79.35 -5.13 0.00 -50.00 -10.00 0.00 -71.10 -13.32 0.00 -38.60 2.10 15.00 -78.44 -18.39 -12.75 -0.60 -0.00 -0.00 -12.14
217 -79.19 -5.35 0.00 -50.00 -10.00 0.00 -71.08 -13.34 0.00 -7.87 2.03 15.00 -79.77 -18.42 -14.29 -0.53 -0.00 -0.00 -13.76
218 -79.03 -5.56 0.00 -50.00 -10.00 0.00 -71.05 -13.36 0.00 30.00 3.20 15.00 -80.40 -18.45 -15.07 -0.47 -0.00 -0.00 -14.61
219 -78.87 -5.76 0.00 -50.00 -10.00 0.00 -71.02 -13.37 0.00 -50.00 5.20 15.00 -74.22 -18.45 -6.02 -0.41 -0.00 -0.00 -5.61
220 -78.72 -5.96 0.00 -50.00 -10.00 0.00 -71.00 -13.39 0.00 -50.25 4.89 15.00 -75.87 -18.46 -9.89 -0.36 -0.00 -0.00 -9.53
221 -78.56 -6.15 0.00 -50.00 -10.00 0.00 -70.97 -13.41 0.00 -50.43 4.60 15.00 -78.09 -18.49 -12.46 -0.31 -0.00 -0.00 -12.14
222 -78.41 -6.34 0.00 -50.00 -10.00 0.00 -70.95 -13.42 0.00 -50.44 4.30 15.00 -79.49 -18.51 -14.03 -0.27 -0.00 -0.00 -13.76
223 -78.26 -6.53 0.00 -50.00 -10.00 0.00 -70.93 -13.44 0.00 -50.12 4.02 15.00 -80.17 -18.54 -14.85 -0.24 -0.00 -0.00 -14.61
224 -78.11 -6.71 0.00 -50.00 -10.00 0.00 -70.90 -13.45 0.00 -49.03 3.74 15.00 -80.37 -18.58 -15.10 -0.21 -0.00 -0.00 -14.89
225 -77.97 -6.89 0.00 -50.00 -10.00 0.00 -70.88 -13.47 0.00 -46.12 3.48 15.00 -80.27 -18.61 -14.94 -0.18 -0.00 -0.00 -14.76
226 -77.82 -7.06 0.00 -50.00 -10.00 0.00 -70.86 -13.48 0.00 -37.98 3.26 15.00 -79.95 -18.63 -14.49 -0.16 -0.00 -0.00 -14.33
227 -77.68 -7.23 0.00 -50.00 -10.00 0.00 -70.84 -13.50 0.00 -6.96 3.16 15.00 -79.47 -18.66 -13.83 -0.14 -0.00 -0.00 -13.69
228 -77.54 -7.40 0.00 -50.00 -10.00 0.00 -70.82 -13.51 0.00 30.00 4.36 15.00 -78.88 -18.68 -13.05 -0.12 -0.00 -0.00 -12.92
229 -77.40 -7.56 0.00 -50.00 -10.00 0.00 -70.80 -13.52 0.00 -50.00 6.36 15.00 -73.60 -18.67 -5.72 -0.11 -0.00 -0.00 -5.61
230 -77.27 -7.72 0.00 -50.00 -10.00 0.00 -70.78 -13.53 0.00 -51.69 6.03 15.00 -75.34 -18.68 -9.62 -0.09 -0.00 -0.00 -9.53
231 -77.13 -7.87 0.00 -50.00 -10.00 0.00 -70.76 -13.55 0.00 -54.83 5.69 15.00 -77.67 -18.69 -12.23 -0.08 -0.00 -0.00 -12.14
232 -77.00 -8.02 0.00 -50.00 -10.00 0.00 -70.74 -13.56 0.00 -60.01 5.33 15.00 -79.16 -18.71 -13.83 -0.07 -0.00 -0.00 -13.76
233 -76.87 -8.17 0.00 -50.00 -10.00 0.00 -70.72 -13.57 0.00 -66.46 4.96 15.00 -79.89 -18.74 -14.67 -0.06 -0.00 -0.00 -14.61
234 -76.74 -8.31 0.00 -50.00 -10.00 0.00 -70.70 -13.58 0.00 -71.44 4.58 15.00 -80.12 -18.76 -14.94 -0.05 -0.00 -0.00 -14.89
235 -76.62 -8.45 0.00 -50.00 -10.00 0.00 -70.68 -13.59 0.00 -73.57 4.19 15.00 -80.04 -18.79 -14.80 -0.05 -0.00 -0.00 -14.76
236 -76.49 -8.59 0.00 -50.00 -10.00 0.00 -70.66 -13.60 0.00 -73.99 3.81 15.00 -79.73 -18.81 -14.37 -0.04 -0.00 -0.00 -14.33
237 -76.37 -8.72 0.00 -50.00 -10.00 0.00 -70.65 -13.61 0.00 -73.82 3.44 15.00 -79.26 -18.83 -13.73 -0.04 -0.00 -0.00 -13.69
238 -76.25 -8.85 0.00 -50.00 -10.00 0.00 -70.63 -13.62 0.00 -73.48 3.08 15.00 -78.68 -18.85 -12.95 -0.03 -0.00 -0.00 -12.92
239 -76.13 -8.98 0.00 -50.00 -10.00 0.00 -70.62 -13.63 0.00 -73.09 2.72 15.00 -78.02 -18.86 -12.10 -0.03 -0.00 -0.00 -12.08
240 -76.01 -9.11 0.00 -50.00 -10.00 0.00 -70.60 -13.64 0.00 -72.68 2.38 15.00 -77.30 -18.87 -11.21 -0.02 -0.00 -0.00 -11.19
241 -75.89 -9.23 0.00 -50.00 -10.00 0.00 -70.58 -13.65 0.00 -72.27 2.04 15.00 -76.55 -18.88 -10.32 -0.02 -0.00 -0.00 -10.30
242 -75.78 -9.35 0.00 -50.00 -10.00 0.00 -70.57 -13.66 0.00 -71.84 1.71 15.00 -75.76 -18.88 -9.44 -0.02 -0.00 -0.00 -9.42
243 -75.67 -9.46 0.00 -50.00 -10.00 0.00 -70.55 -13.67 0.00 -71.41 1.39 15.00 -74.97 -18.88 -8.59 -0.02 -0.00 -0.00 -8.57
244 -75.56 -9.58 0.00 -50.00 -10.00 0.00 -70.54 -13.68 0.00 -70.97 1.08 15.00 -74.17 -18.87 -7.78 -0.01 -0.00 -0.00 -7.77
245 -75.45 -9.69 0.00 -50.00 -10.00 0.00 -70.53 -13.69 0.00 -70.52 0.78 15.00 -73.37 -18.86 -7.02 -0.01 -0.00 -0.00 -7.01
246 -75.34 -9.79 0.00 -50.00 -10.00 0.00 -70.51 -13.70 0.00 -70.06 0.48 15.00 -72.57 -18.84 -6.32 -0.01 -0.00 -0.00 -6.31
247 -75.24 -9.90 0.00 -50.00 -10.00 0.00 -70.50 -13.71 0.00 -69.59 0.19 15.00 -71.78 -18.83 -5.66 -0.01 -0.00 -0.00 -5.66
248 -75.13 -10.00 0.00 -50.00 -10.00 0.00 -70.49 -13.71 0.00 -69.10 -0.09 15.00 -71.00 -18.80 -5.07 -0.01 -0.00 -0.00 -5.06
249 -75.03 -10.10 0.00 -50.00 -10.00 0.00 -70.47 -13.72 0.00 -68.60 -0.36 15.00 -70.23 -18.78 -4.52 -0.01 -0.00 -0.00 -4.51
250 -74.93 -10.20 0.00 -50.00 -10.00 0.00 -70.46 -13.73 0.00 -68.07 -0.62 15.00 -69.46 -18.75 -4.02 -0.01 -0.00 -0.00 -4.01
251 -74.83 -10.29 0.00 -50.00 -10.00 0.00 -70.45 -13.74 0.00 -67.52 -0.88 15.00 -68.71 -18.72 -3.57 -0.00 -0.00 -0.00 -3.57
252 -74.74 -10.39 0.00 -50.00 -10.00 0.00 -70.44 -13.74 0.00 -66.94 -1.13 15.00 -67.97 -18.68 -3.16 -0.00 -0.00 -0.00 -3.16
253 -74.64 -10.48 0.00 -50.00 -10.00 0.00 -70.43 -13.75 0.00 -66.33 -1.38 15.00 -67.22 -18.65 -2.80 -0.00 -0.00 -0.00 -2.80
254 -74.55 -10.57 0.00 -50.00 -10.00 0.00 -70.42 -13.76 0.00 -65.67 -1.61 15.00 -66.48 -18.61 -2.47 -0.00 -0.00 -0.00 -2.47
255 -74.45 -10.65 0.00 -50.00 -10.00 0.00 -70.41 -13.76 0.00 -64.95 -1.84 15.00 -65.73 -18.56 -2.18 -0.00 -0.00 -0.00 -2.18
256 -74.36 -10.74 0.00 -50.00 -10.00 0.00 -70.40 -13.77 0.00 -64.16 -2.06 15.00 -64.97 -18.52 -1.92 -0.00 -0.00 -0.00 -1.92
257 -74.27 -10.82 0.00 -50.00 -10.00 0.00 -70.38 -13.77 0.00 -63.27 -2.27 15.00 -64.19 -18.47 -1.69 -0.00 -0.00 -0.00 -1.69
258 -74.19 -10.90 0.00 -50.00 -10.00 0.00 -70.37 -13.78 0.00 -62.24 -2.47 15.00 -63.37 -18.41 -1.49 -0.00 -0.00 -0.00 -1.48
259 -74.10 -10.98 0.00 -50.00 -10.00 0.00 -70.37 -13.79 0.00 -61.00 -2.67 15.00 -62.49 -18.36 -1.30 -0.00 -0.00 -0.00 -1.30
260 -74.01 -11.06 0.00 -50.00 -10.00 0.00 -70.36 -13.79 0.00 -59.43 -2.85 15.00 -61.52 -18.30 -1.14 -0.00 -0.00 -0.00 -1.14
261 -73.93 -11.13 0.00 -50.00 -10.00 0.00 -70.35 -13.80 0.00 -57.31 -3.02 15.00 -60.41 -18.24 -1.00 -0.00 -0.00 -0.00 -1.00
262 -73.85 -11.20 0.00 -50.00 -10.00 0.00 -70.34 -13.80 0.00 -54.13 -3.18 15.00 -59.06 -18.17 -0.88 -0.00 -0.00 -0.00 -0.88
263 -73.77 -11.27 0.00 -50.00 -10.00 0.00 -70.33 -13.81 0.00 -48.48 -3.31 15.00 -57.32 -18.09 -0.77 -0.00 -0.00 -0.00 -0.77
264 -73.69 -11.34 0.00 -50.00 -10.00 0.00 -70.32 -13.81 0.00 -35.29 -3.39 15.00 -54.82 -18.00 -0.67 -0.00 -0.00 -0.00 -0.67
265 -73.61 -11.41 0.00 -50.00 -10.00 0.00 -70.31 -13.82 0.00 18.76 -3.24 15.00 -50.69 -17.90 -0.59 -0.00 -0.00 -0.00 -0.58
266 -73.53 -11.48 0.00 -50.00 -10.00 0.00 -70.30 -13.82 0.00 30.00 1.11 15.00 -42.16 -17.75 -0.51 -0.00 -0.00 -0.00 -0.51
267 -73.46 -11.54 0.00 -50.00 -10.00 0.00 -70.30 -13.83 0.00 -50.00 3.11 15.00 -23.88 -17.51 -5.61 -0.00 -0.00 -0.00 -5.61
268 -73.38 -11.60 0.00 -50.00 -10.00 0.00 -70.29 -13.83 0.00 -47.62 2.86 15.00 30.00 -16.76 -9.53 -0.00 -0.00 -0.00 -9.53
269 -73.31 -11.66 0.00 -50.00 -10.00 0.00 -70.28 -13.84 0.00 -41.33 2.63 15.00 -65.00 -10.76 -9.53 -0.00 -0.00 -0.00 -9.53
270 -73.24 -11.72 0.00 -50.00 -10.00 0.00 -70.27 -13.84 0.00 -20.37 2.50 15.00 -81.24 -10.95 -13.76 -0.00 -0.00 -0.00 -13.76
271 -73.17 -11.78 0.00 -50.00 -10.00 0.00 -70.27 -13.85 0.00 30.00 2.95 15.00 -84.73 -11.16 -14.61 -0.00 -0.00 -0.00 -14.61
272 -73.10 -11.84 0.00 -50.00 -10.00 0.00 -70.26 -13.85 0.00 -50.00 4.95 15.00 -79.29 -11.33 -5.61 -0.00 -0.00 -0.00 -5.61
273 -73.03 -11.89 0.00 -50.00 -10.00 0.00 -70.25 -13.85 0.00 -49.94 4.65 15.00 -81.35 -11.51 -9.53 -0.00 -0.00 -0.00 -9.53
274 -72.97 -11.95 0.00 -50.00 -10.00 0.00 -70.25 -13.86 0.00 -49.44 4.36 15.00 -82.98 -11.69 -12.14 -0.00 -0.00 -0.00 -12.14
275 -72.90 -12.00 0.00 -50.00 -10.00 0.00 -70.24 -13.86 0.00 -47.90 4.08 15.00 -83.87 -11.88 -13.76 -0.00 -0.00 -0.00 -13.76
276 -72.84 -12.05 0.00 -50.00 -10.00 0.00 -70.23 -13.87 0.00 -43.72 3.83 15.00 -84.27 -12.06 -14.61 -0.00 -0.00 -0.00 -14.61
277 -72.78 -12.10 0.00 -50.00 -10.00 0.00 -70.23 -13.87 0.00 -30.89 3.63 15.00 -84.34 -12.24 -14.89 -0.00 -0.00 -0.00 -14.89
278 -72.72 -12.15 0.00 -50.00 -10.00 0.00 -70.22 -13.87 0.00 30.00 3.69 15.00 -84.16 -12.42 -14.76 -0.00 -0.00 -0.00 -14.76
279 -72.66 -12.20 0.00 -50.00 -10.00 0.00 -70.21 -13.88 0.00 -50.00 5.69 15.00 -78.44 -12.56 -5.61 -0.00 -0.00 -0.00 -5.61
280 -72.60 -12.25 0.00 -50.00 -10.00 0.00 -70.21 -13.88 0.00 -50.85 5.37 15.00 -80.47 -12.71 -9.53 -0.00 -0.00 -0.00 -9.53
281 -72.54 -12.29 0.00 -50.00 -10.00 0.00 -70.20 -13.88 0.00 -52.32 5.05 15.00 -82.20 -12.87 -12.14 -0.00 -0.00 -0.00 -12.14
282 -72.48 -12.33 0.00 -50.00 -10.00 0.00 -70.20 -13.89 0.00 -54.89 4.73 15.00 -83.16 -13.03 -13.76 -0.00 -0.00 -0.00 -13.76
283 -72.43 -12.38 0.00 -50.00 -10.00 0.00 -70.19 -13.89 0.00 -59.05 4.40 15.00 -83.60 -13.19 -14.61 -0.00 -0.00 -0.00 -14.61
284 -72.37 -12.42 0.00 -50.00 -10.00 0.00 -70.19 -13.89 0.00 -64.45 4.05 15.00 -83.68 -13.34 -14.89 -0.00 -0.00 -0.00 -14.89
285 -72.32 -12.46 0.00 -50.00 -10.00 0.00 -70.18 -13.89 0.00 -69.27 3.70 15.00 -83.52 -13.49 -14.76 -0.00 -0.00 -0.00 -14.76
286 -72.26 -12.50 0.00 -50.00 -10.00 0.00 -70.18 -13.90 0.00 -71.91 3.33 15.00 -83.18 -13.64 -14.33 -0.00 -0.00 -0.00 -14.33
287 -72.21 -12.54 0.00 -50.00 -10.00 0.00 -70.17 -13.90 0.00 -72.75 2.98 15.00 -82.71 -13.78 -13.69 -0.00 -0.00 -0.00 -13.69
288 -72.16 -12.58 0.00 -50.00 -10.00 0.00 -70.17 -13.90 0.00 -72.77 2.63 15.00 -82.14 -13.91 -12.92 -0.00 -0.00 -0.00 -12.92
289 -72.11 -12.61 0.00 -50.00 -10.00 0.00 -70.16 -13.91 0.00 -72.50 2.28 15.00 -81.52 -14.04 -12.08 -0.00 -0.00 -0.00 -12.08
290 -72.06 -12.65 0.00 -50.00 -10.00 0.00 -70.16 -13.91 0.00 -72.13 1.95 15.00 -80.85 -14.17 -11.19 -0.00 -0.00 -0.00 -11.19
291 -72.02 -12.69 0.00 -50.00 -10.00 0.00 -70.16 -13.91 0.00 -71.72 1.62 15.00 -80.16 -14.28 -10.30 -0.00 -0.00 -0.00 -10.30
292 -71.97 -12.72 0.00 -50.00 -10.00 0.00 -70.15 -13.91 0.00 -71.29 1.31 15.00 -79.45 -14.40 -9.42 -0.00 -0.00 -0.00 -9.42
293 -71.92 -12.75 0.00 -50.00 -10.00 0.00 -70.15 -13.92 0.00 -70.85 1.00 15.00 -78.74 -14.50 -8.57 -0.00 -0.00 -0.00 -8.57
294 -71.88 -12.79 0.00 -50.00 -10.00 0.00 -70.14 -13.92 0.00 -70.40 0.70 15.00 -78.04 -14.60 -7.77 -0.00 -0.00 -0.00 -7.77
295 -71.84 -12.82 0.00 -50.00 -10.00 0.00 -70.14 -13.92 0.00 -69.93 0.40 15.00 -77.35 -14.70 -7.01 -0.00 -0.00 -0.00 -7.01
296 -71.79 -12.85 0.00 -50.00 -10.00 0.00 -70.14 -13.92 0.00 -69.46 0.12 15.00 -76.67 -14.79 -6.31 -0.00 -0.00 -0.00 -6.31
297 -71.75 -12.88 0.00 -50.00 -10.00 0.00 -70.13 -13.92 0.00 -68.96 -0.16 15.00 -76.01 -14.87 -5.66 -0.00 -0.00 -0.00 -5.66
298 -71.71 -12.91 0.00 -50.00 -10.00 0.00 -70.13 -13.93 0.00 -68.45 -0.43 15.00 -75.38 -14.95 -5.06 -0.00 -0.00 -0.00 -5.06
299 -71.67 -12.94 0.00 -50.00 -10.00 0.00 -70.13 -13.93 0.00 -67.92 -0.70 15.00 -74.76 -15.02 -4.51 -0.00 -0.00 -0.00 -4.51
300 -71.63 -12.96 0.00 -50.00 -10.00 0.00 -70.12 -13.93 0.00 -67.37 -0.95 15.00 -74.18 -15.10 -4.01 -0.00 -0.00 -0.00 -4.01