1 -50.00 -10.00 0.00 -50.00 -10.00 0.00 -30.12 -9.92 15.00 -50.00 -10.00 0.00 -64.76 -16.25 0.00 -0.00 -0.00 -0.00 -0.00
2 -50.00 -10.00 0.00 -50.00 -10.00 0.00 30.00 -9.46 15.00 -50.00 -10.00 0.00 -64.57 -16.25 0.00 -0.00 -0.00 -0.00 -0.00
3 -50.00 -10.00 0.00 -50.00 -10.00 0.00 -50.00 -7.46 15.00 -50.00 -10.00 0.00 -69.19 -16.27 -5.12 -0.00 -0.00 -5.12 -0.00
4 -50.00 -10.00 0.00 -50.00 -10.00 0.00 -33.65 -7.44 15.00 -50.00 -10.00 0.00 -74.97 -16.32 -8.76 -0.00 -0.00 -8.76 -0.00
5 -50.00 -10.00 0.00 -50.00 -10.00 0.00 30.00 -7.15 15.00 -50.00 -10.00 0.00 -78.56 -16.38 -11.24 -0.00 -0.00 -11.24 -0.00
6 -50.00 -10.00 0.00 -50.00 -10.00 0.00 -50.00 -5.15 15.00 -50.00 -10.00 0.00 -74.80 -16.43 -5.12 -0.00 -0.00 -5.12 -0.00
7 -50.00 -10.00 0.00 -50.00 -10.00 0.00 -36.80 -5.19 15.00 -50.00 -10.00 0.00 -76.67 -16.48 -8.76 -0.00 -0.00 -8.76 -0.00
8 -50.00 -10.00 0.00 -50.00 -10.00 0.00 13.78 -5.03 15.00 -50.00 -10.00 0.00 -78.75 -16.55 -11.24 -0.00 -0.00 -11.24 -0.00
9 -50.00 -10.00 0.00 -50.00 -10.00 0.00 30.00 -1.37 15.00 -50.00 -10.00 0.00 -80.05 -16.62 -12.82 -0.00 -0.00 -12.82 -0.00
10 -50.00 -10.00 0.00 -50.00 -10.00 0.00 -50.00 0.63 15.00 -50.00 -10.00 0.00 -74.85 -16.66 -5.12 -0.00 -0.00 -5.12 -0.00
11 -50.00 -10.00 0.00 -50.00 -10.00 0.00 -44.44 0.44 15.00 -50.00 -10.00 0.00 -76.51 -16.71 -8.76 -0.00 -0.00 -8.76 -0.00
12 -50.00 -10.00 0.00 -50.00 -10.00 0.00 -28.35 0.32 15.00 -50.00 -10.00 0.00 -78.57 -16.77 -11.24 -0.00 -0.00 -11.24 -0.00
13 -50.00 -10.00 0.00 -50.00 -10.00 0.00 30.00 0.54 15.00 -50.00 -10.00 0.00 -79.89 -16.83 -12.82 -0.00 -0.00 -12.82 -0.00
14 -50.00 -10.00 0.00 -50.00 -10.00 0.00 -50.00 2.54 15.00 -50.00 -10.00 0.00 -74.67 -16.87 -5.12 -0.00 -0.00 -5.12 -0.00
15 -50.00 -10.00 0.00 -50.00 -10.00 0.00 -46.90 2.30 15.00 -50.00 -10.00 0.00 -76.32 -16.91 -8.76 -0.00 -0.00 -8.76 -0.00
16 -50.00 -10.00 0.00 -50.00 -10.00 0.00 -38.60 2.10 15.00 -50.00 -10.00 0.00 -78.40 -16.97 -11.24 -0.00 -0.00 -11.24 -0.00
17 -50.00 -10.00 0.00 -50.00 -10.00 0.00 -7.87 2.03 15.00 -50.00 -10.00 0.00 -79.74 -17.03 -12.82 -0.00 -0.00 -12.82 -0.00
18 -50.00 -10.00 0.00 -50.00 -10.00 0.00 30.00 3.20 15.00 -50.00 -10.00 0.00 -80.42 -17.09 -13.71 -0.00 -0.00 -13.71 -0.00
19 -50.00 -10.00 0.00 -50.00 -10.00 0.00 -50.00 5.20 15.00 -50.00 -10.00 0.00 -74.56 -17.12 -5.12 -0.00 -0.00 -5.12 -0.00
20 -50.00 -10.00 0.00 -50.00 -10.00 0.00 -50.25 4.89 15.00 -50.00 -10.00 0.00 -76.11 -17.16 -8.76 -0.00 -0.00 -8.76 -0.00
21 -50.00 -10.00 0.00 -50.00 -10.00 0.00 -50.43 4.60 15.00 -50.00 -10.00 0.00 -78.19 -17.20 -11.24 -0.00 -0.00 -11.24 -0.00
22 -50.00 -10.00 0.00 -50.00 -10.00 0.00 -50.44 4.30 15.00 -50.00 -10.00 0.00 -79.55 -17.26 -12.82 -0.00 -0.00 -12.82 -0.00
23 -50.00 -10.00 0.00 -50.00 -10.00 0.00 -50.12 4.02 15.00 -50.00 -10.00 0.00 -80.25 -17.31 -13.71 -0.00 -0.00 -13.71 -0.00
24 -50.00 -10.00 0.00 -50.00 -10.00 0.00 -49.03 3.74 15.00 -50.00 -10.00 0.00 -80.51 -17.37 -14.08 -0.00 -0.00 -14.08 -0.00
25 -50.00 -10.00 0.00 -50.00 -10.00 0.00 -46.12 3.48 15.00 -50.00 -10.00 0.00 -80.48 -17.43 -14.05 -0.00 -0.00 -14.05 -0.00
26 -50.00 -10.00 0.00 -50.00 -10.00 0.00 -37.98 3.26 15.00 -50.00 -10.00 0.00 -80.24 -17.48 -13.74 -0.00 -0.00 -13.74 -0.00
27 -50.00 -10.00 0.00 -50.00 -10.00 0.00 -6.96 3.16 15.00 -50.00 -10.00 0.00 -79.86 -17.53 -13.22 -0.00 -0.00 -13.22 -0.00
28 -50.00 -10.00 0.00 -50.00 -10.00 0.00 30.00 4.36 15.00 -50.00 -10.00 0.00 -79.36 -17.57 -12.57 -0.00 -0.00 -12.57 -0.00
29 -50.00 -10.00 0.00 -50.00 -10.00 0.00 -50.00 6.36 15.00 -50.00 -10.00 0.00 -74.05 -17.59 -5.12 -0.00 -0.00 -5.12 -0.00
30 -50.00 -10.00 0.00 -50.00 -10.00 0.00 -51.69 6.03 15.00 -50.00 -10.00 0.00 -75.62 -17.62 -8.76 -0.00 -0.00 -8.76 -0.00
31 -50.00 -10.00 0.00 -50.00 -10.00 0.00 -54.83 5.69 15.00 -50.00 -10.00 0.00 -77.78 -17.66 -11.24 -0.00 -0.00 -11.24 -0.00
32 -50.00 -10.00 0.00 -50.00 -10.00 0.00 -60.01 5.33 15.00 -50.00 -10.00 0.00 -79.20 -17.70 -12.82 -0.00 -0.00 -12.82 -0.00
33 -50.00 -10.00 0.00 -50.00 -10.00 0.00 -66.46 4.96 15.00 -50.00 -10.00 0.00 -79.93 -17.74 -13.71 -0.00 -0.00 -13.71 -0.00
34 -50.00 -10.00 0.00 -50.00 -10.00 0.00 -71.44 4.58 15.00 -50.00 -10.00 0.00 -80.21 -17.79 -14.08 -0.00 -0.00 -14.08 -0.00
35 -50.00 -10.00 0.00 -50.00 -10.00 0.00 -73.57 4.19 15.00 -50.00 -10.00 0.00 -80.19 -17.84 -14.05 -0.00 -0.00 -14.05 -0.00
36 -50.00 -10.00 0.00 -50.00 -10.00 0.00 -73.99 3.81 15.00 -50.00 -10.00 0.00 -79.95 -17.88 -13.74 -0.00 -0.00 -13.74 -0.00
37 -50.00 -10.00 0.00 -50.00 -10.00 0.00 -73.82 3.44 15.00 -50.00 -10.00 0.00 -79.57 -17.92 -13.22 -0.00 -0.00 -13.22 -0.00
38 -50.00 -10.00 0.00 -50.00 -10.00 0.00 -73.48 3.08 15.00 -50.00 -10.00 0.00 -79.07 -17.96 -12.57 -0.00 -0.00 -12.57 -0.00
39 -50.00 -10.00 0.00 -50.00 -10.00 0.00 -73.09 2.72 15.00 -50.00 -10.00 0.00 -78.49 -17.99 -11.83 -0.00 -0.00 -11.83 -0.00
40 -50.00 -10.00 0.00 -50.00 -10.00 0.00 -72.68 2.38 15.00 -50.00 -10.00 0.00 -77.86 -18.02 -11.04 -0.00 -0.00 -11.04 -0.00
41 -50.00 -10.00 0.00 -50.00 -10.00 0.00 -72.27 2.04 15.00 -50.00 -10.00 0.00 -77.18 -18.04 -10.24 -0.00 -0.00 -10.24 -0.00
42 -50.00 -10.00 0.00 -50.00 -10.00 0.00 -71.84 1.71 15.00 -50.00 -10.00 0.00 -76.48 -18.07 -9.43 -0.00 -0.00 -9.43 -0.00
43 -50.00 -10.00 0.00 -50.00 -10.00 0.00 -71.41 1.39 15.00 -50.00 -10.00 0.00 -75.76 -18.08 -8.65 -0.00 -0.00 -8.65 -0.00
44 -50.00 -10.00 0.00 -50.00 -10.00 0.00 -70.97 1.08 15.00 -50.00 -10.00 0.00 -75.04 -18.10 -7.89 -0.00 -0.00 -7.89 -0.00
45 -50.00 -10.00 0.00 -50.00 -10.00 0.00 -70.52 0.78 15.00 -50.00 -10.00 0.00 -74.31 -18.11 -7.17 -0.00 -0.00 -7.17 -0.00
46 -50.00 -10.00 0.00 -50.00 -10.00 0.00 -70.06 0.48 15.00 -50.00 -10.00 0.00 -73.59 -18.11 -6.50 -0.00 -0.00 -6.50 -0.00
47 -50.00 -10.00 0.00 -50.00 -10.00 0.00 -69.59 0.19 15.00 -50.00 -10.00 0.00 -72.87 -18.11 -5.87 -0.00 -0.00 -5.87 -0.00
48 -50.00 -10.00 0.00 -50.00 -10.00 0.00 -69.10 -0.09 15.00 -50.00 -10.00 0.00 -72.17 -18.11 -5.28 -0.00 -0.00 -5.28 -0.00
49 -50.00 -10.00 0.00 -50.00 -10.00 0.00 -68.60 -0.36 15.00 -50.00 -10.00 0.00 -71.48 -18.11 -4.75 -0.00 -0.00 -4.75 -0.00
50 -50.00 -10.00 0.00 -50.00 -10.00 0.00 -68.07 -0.62 15.00 -50.00 -10.00 0.00 -70.80 -18.10 -4.26 -0.00 -0.00 -4.26 -0.00
51 -50.00 -10.00 0.00 -50.00 -10.00 0.00 -67.52 -0.88 15.00 -50.00 -10.00 0.00 -70.13 -18.09 -3.81 -0.00 -0.00 -3.81 -0.00
52 -50.00 -10.00 0.00 -50.00 -10.00 0.00 -66.94 -1.13 15.00 -50.00 -10.00 0.00 -69.47 -18.07 -3.40 -0.00 -0.00 -3.40 -0.00
53 -50.00 -10.00 0.00 -50.00 -10.00 0.00 -66.33 -1.38 15.00 -50.00 -10.00 0.00 -68.83 -18.06 -3.03 -0.00 -0.00 -3.03 -0.00
54 -50.00 -10.00 0.00 -50.00 -10.00 0.00 -65.67 -1.61 15.00 -50.00 -10.00 0.00 -68.21 -18.04 -2.70 -0.00 -0.00 -2.70 -0.00
55 -50.00 -10.00 0.00 -50.00 -10.00 0.00 -64.95 -1.84 15.00 -50.00 -10.00 0.00 -67.59 -18.01 -2.39 -0.00 -0.00 -2.39 -0.00
56 -50.00 -10.00 0.00 -50.00 -10.00 0.00 -64.16 -2.06 15.00 -50.00 -10.00 0.00 -66.98 -17.99 -2.12 -0.00 -0.00 -2.12 -0.00
57 -50.00 -10.00 0.00 -50.00 -10.00 0.00 -63.27 -2.27 15.00 -50.00 -10.00 0.00 -66.38 -17.96 -1.88 -0.00 -0.00 -1.88 -0.00
58 -50.00 -10.00 0.00 -50.00 -10.00 0.00 -62.24 -2.47 15.00 -50.00 -10.00 0.00 -65.78 -17.93 -1.67 -0.00 -0.00 -1.67 -0.00
59 -50.00 -10.00 0.00 -50.00 -10.00 0.00 -61.00 -2.67 15.00 -50.00 -10.00 0.00 -65.18 -17.90 -1.47 -0.00 -0.00 -1.47 -0.00
60 -50.00 -10.00 0.00 -50.00 -10.00 0.00 -59.43 -2.85 15.00 -50.00 -10.00 0.00 -64.58 -17.86 -1.30 -0.00 -0.00 -1.30 -0.00
61 -50.00 -10.00 0.00 -50.00 -10.00 0.00 -57.31 -3.02 15.00 -50.00 -10.00 0.00 -63.97 -17.83 -1.15 -0.00 -0.00 -1.15 -0.00
62 -50.00 -10.00 0.00 -50.00 -10.00 0.00 -54.13 -3.18 15.00 -50.00 -10.00 0.00 -63.33 -17.79 -1.01 -0.00 -0.00 -1.01 -0.00
63 -50.00 -10.00 0.00 -50.00 -10.00 0.00 -48.48 -3.31 15.00 -50.00 -10.00 0.00 -62.67 -17.74 -0.89 -0.00 -0.00 -0.89 -0.00
64 -50.00 -10.00 0.00 -50.00 -10.00 0.00 -35.29 -3.39 15.00 -50.00 -10.00 0.00 -61.96 -17.70 -0.78 -0.00 -0.00 -0.78 -0.00
65 -50.00 -10.00 0.00 -50.00 -10.00 0.00 18.76 -3.24 15.00 -50.00 -10.00 0.00 -61.18 -17.65 -0.69 -0.00 -0.00 -0.69 -0.00
66 -50.00 -10.00 0.00 -50.00 -10.00 0.00 30.00 1.11 15.00 -50.00 -10.00 0.00 -60.29 -17.60 -0.61 -0.00 -0.00 -0.61 -0.00
67 -50.00 -10.00 0.00 -50.00 -10.00 0.00 -50.00 3.11 15.00 -50.00 -10.00 0.00 -63.96 -17.57 -5.12 -0.00 -0.00 -5.12 -0.00
68 -50.00 -10.00 0.00 -50.00 -10.00 0.00 -47.62 2.86 15.00 -50.00 -10.00 0.00 -70.83 -17.57 -8.76 -0.00 -0.00 -8.76 -0.00
69 -50.00 -10.00 0.00 -50.00 -10.00 0.00 -41.33 2.63 15.00 -50.00 -10.00 0.00 -76.53 -17.60 -11.24 -0.00 -0.00 -11.24 -0.00
70 -50.00 -10.00 0.00 -50.00 -10.00 0.00 -20.37 2.50 15.00 -50.00 -10.00 0.00 -79.05 -17.64 -12.82 -0.00 -0.00 -12.82 -0.00
71 -50.00 -10.00 0.00 -50.00 -10.00 0.00 30.00 2.95 15.00 -50.00 -10.00 0.00 -79.95 -17.69 -13.71 -0.00 -0.00 -13.71 -0.00
72 -50.00 -10.00 0.00 -50.00 -10.00 0.00 -50.00 4.95 15.00 -50.00 -10.00 0.00 -74.05 -17.71 -5.12 -0.00 -0.00 -5.12 -0.00
73 -50.00 -10.00 0.00 -50.00 -10.00 0.00 -49.94 4.65 15.00 -50.00 -10.00 0.00 -75.54 -17.73 -8.76 -0.00 -0.00 -8.76 -0.00
74 -50.00 -10.00 0.00 -50.00 -10.00 0.00 -49.44 4.36 15.00 -50.00 -10.00 0.00 -77.68 -17.76 -11.24 -0.00 -0.00 -11.24 -0.00
75 -50.00 -10.00 0.00 -50.00 -10.00 0.00 -47.90 4.08 15.00 -50.00 -10.00 0.00 -79.11 -17.80 -12.82 -0.00 -0.00 -12.82 -0.00
76 -50.00 -10.00 0.00 -50.00 -10.00 0.00 -43.72 3.83 15.00 -50.00 -10.00 0.00 -79.85 -17.85 -13.71 -0.00 -0.00 -13.71 -0.00
77 -50.00 -10.00 0.00 -50.00 -10.00 0.00 -30.89 3.63 15.00 -50.00 -10.00 0.00 -80.13 -17.89 -14.08 -0.00 -0.00 -14.08 -0.00
78 -50.00 -10.00 0.00 -50.00 -10.00 0.00 30.00 3.69 15.00 -50.00 -10.00 0.00 -80.11 -17.93 -14.05 -0.00 -0.00 -14.05 -0.00
79 -50.00 -10.00 0.00 -50.00 -10.00 0.00 -50.00 5.69 15.00 -50.00 -10.00 0.00 -73.90 -17.94 -5.12 -0.00 -0.00 -5.12 -0.00
80 -50.00 -10.00 0.00 -50.00 -10.00 0.00 -50.85 5.37 15.00 -50.00 -10.00 0.00 -75.32 -17.96 -8.76 -0.00 -0.00 -8.76 -0.00
81 -50.00 -10.00 0.00 -50.00 -10.00 0.00 -52.32 5.05 15.00 -50.00 -10.00 0.00 -77.47 -17.99 -11.24 -0.00 -0.00 -11.24 -0.00
82 -50.00 -10.00 0.00 -50.00 -10.00 0.00 -54.89 4.73 15.00 -50.00 -10.00 0.00 -78.93 -18.03 -12.82 -0.00 -0.00 -12.82 -0.00
83 -50.00 -10.00 0.00 -50.00 -10.00 0.00 -59.05 4.40 15.00 -50.00 -10.00 0.00 -79.69 -18.06 -13.71 -0.00 -0.00 -13.71 -0.00
84 -50.00 -10.00 0.00 -50.00 -10.00 0.00 -64.45 4.05 15.00 -50.00 -10.00 0.00 -79.98 -18.10 -14.08 -0.00 -0.00 -14.08 -0.00
85 -50.00 -10.00 0.00 -50.00 -10.00 0.00 -69.27 3.70 15.00 -50.00 -10.00 0.00 -79.96 -18.14 -14.05 -0.00 -0.00 -14.05 -0.00
86 -50.00 -10.00 0.00 -50.00 -10.00 0.00 -71.91 3.33 15.00 -50.00 -10.00 0.00 -79.73 -18.18 -13.74 -0.00 -0.00 -13.74 -0.00
87 -50.00 -10.00 0.00 -50.00 -10.00 0.00 -72.75 2.98 15.00 -50.00 -10.00 0.00 -79.35 -18.21 -13.22 -0.00 -0.00 -13.22 -0.00
88 -50.00 -10.00 0.00 -50.00 -10.00 0.00 -72.77 2.63 15.00 -50.00 -10.00 0.00 -78.85 -18.24 -12.57 -0.00 -0.00 -12.57 -0.00
89 -50.00 -10.00 0.00 -50.00 -10.00 0.00 -72.50 2.28 15.00 -50.00 -10.00 0.00 -78.27 -18.27 -11.83 -0.00 -0.00 -11.83 -0.00
90 -50.00 -10.00 0.00 -50.00 -10.00 0.00 -72.13 1.95 15.00 -50.00 -10.00 0.00 -77.64 -18.29 -11.04 -0.00 -0.00 -11.04 -0.00
91 -50.00 -10.00 0.00 -50.00 -10.00 0.00 -71.72 1.62 15.00 -50.00 -10.00 0.00 -76.96 -18.31 -10.24 -0.00 -0.00 -10.24 -0.00
92 -50.00 -10.00 0.00 -50.00 -10.00 0.00 -71.29 1.31 15.00 -50.00 -10.00 0.00 -76.25 -18.32 -9.43 -0.00 -0.00 -9.43 -0.00
93 -50.00 -10.00 0.00 -50.00 -10.00 0.00 -70.85 1.00 15.00 -50.00 -10.00 0.00 -75.53 -18.33 -8.65 -0.00 -0.00 -8.65 -0.00
94 -50.00 -10.00 0.00 -50.00 -10.00 0.00 -70.40 0.70 15.00 -50.00 -10.00 0.00 -74.80 -18.34 -7.89 -0.00 -0.00 -7.89 -0.00
95 -50.00 -10.00 0.00 -50.00 -10.00 0.00 -69.93 0.40 15.00 -50.00 -10.00 0.00 -74.06 -18.34 -7.17 -0.00 -0.00 -7.17 -0.00
96 -50.00 -10.00 0.00 -50.00 -10.00 0.00 -69.46 0.12 15.00 -50.00 -10.00 0.00 -73.33 -18.34 -6.50 -0.00 -0.00 -6.50 -0.00
97 -50.00 -10.00 0.00 -50.00 -10.00 0.00 -68.96 -0.16 15.00 -50.00 -10.00 0.00 -72.61 -18.34 -5.87 -0.00 -0.00 -5.87 -0.00
98 -50.00 -10.00 0.00 -50.00 -10.00 0.00 -68.45 -0.43 15.00 -50.00 -10.00 0.00 -71.89 -18.33 -5.28 -0.00 -0.00 -5.28 -0.00
99 -50.00 -10.00 0.00 -50.00 -10.00 0.00 -67.92 -0.70 15.00 -50.00 -10.00 0.00 -71.19 -18.32 -4.75 -0.00 -0.00 -4.75 -0.00
100 -50.00 -10.00 0.00 -50.00 -10.00 0.00 -67.37 -0.95 15.00 -50.00 -10.00 0.00 -70.49 -18.31 -4.26 -0.00 -0.00 -4.26 -0.00
101 -50.00 -10.00 0.00 -50.00 -10.00 0.00 -79.29 -1.25 0.00 -30.12 -9.92 15.00 -69.81 -18.29 -3.81 -0.00 -0.00 -3.81 -0.00
102 -50.00 -10.00 0.00 -50.00 -10.00 0.00 -81.69 -1.55 0.00 30.00 -9.46 15.00 -69.14 -18.27 -3.40 -0.00 -0.00 -3.40 -0.00
103 -50.00 -10.00 0.00 -50.00 -10.00 0.00 -81.67 -1.85 0.00 -50.00 -7.46 15.00 -73.23 -18.27 -8.64 -0.00 -0.00 -3.03 -5.61
104 -50.00 -10.00 0.00 -50.00 -10.00 0.00 -81.49 -2.14 0.00 -33.65 -7.44 15.00 -77.47 -18.29 -12.23 -0.00 -0.00 -2.70 -9.53
105 -50.00 -10.00 0.00 -50.00 -10.00 0.00 -81.30 -2.42 0.00 30.00 -7.15 15.00 -79.88 -18.33 -14.54 -0.00 -0.00 -2.39 -12.14
106 -50.00 -10.00 0.00 -50.00 -10.00 0.00 -81.11 -2.69 0.00 -50.00 -5.15 15.00 -75.48 -18.34 -7.73 -0.00 -0.00 -2.12 -5.61
107 -50.00 -10.00 0.00 -50.00 -10.00 0.00 -80.92 -2.96 0.00 -36.80 -5.19 15.00 -77.36 -18.36 -11.41 -0.00 -0.00 -1.88 -9.53
108 -50.00 -10.00 0.00 -50.00 -10.00 0.00 -80.74 -3.23 0.00 13.78 -5.03 15.00 -79.34 -18.39 -13.81 -0.00 -0.00 -1.67 -12.14
109 -50.00 -10.00 0.00 -50.00 -10.00 0.00 -80.56 -3.49 0.00 30.00 -1.37 15.00 -80.48 -18.42 -15.23 -0.00 -0.00 -1.47 -13.76
110 -50.00 -10.00 0.00 -50.00 -10.00 0.00 -80.38 -3.74 0.00 -50.00 0.63 15.00 -74.90 -18.43 -6.91 -0.00 -0.00 -1.30 -5.61
111 -50.00 -10.00 0.00 -50.00 -10.00 0.00 -80.20 -3.98 0.00 -44.44 0.44 15.00 -76.64 -18.44 -10.68 -0.00 -0.00 -1.15 -9.53
112 -50.00 -10.00 0.00 -50.00 -10.00 0.00 -80.03 -4.22 0.00 -28.35 0.32 15.00 -78.72 -18.47 -13.16 -0.00 -0.00 -1.01 -12.14
113 -50.00 -10.00 0.00 -50.00 -10.00 0.00 -79.86 -4.46 0.00 30.00 0.54 15.00 -79.99 -18.50 -14.65 -0.00 -0.00 -0.89 -13.76
114 -50.00 -10.00 0.00 -50.00 -10.00 0.00 -79.69 -4.69 0.00 -50.00 2.54 15.00 -74.40 -18.50 -6.39 -0.00 -0.00 -0.78 -5.61
115 -50.00 -10.00 0.00 -50.00 -10.00 0.00 -79.52 -4.91 0.00 -46.90 2.30 15.00 -76.13 -18.51 -10.22 -0.00 -0.00 -0.69 -9.53
116 -50.00 -10.00 0.00 -50.00 -10.00 0.00 -79.35 -5.13 0.00 -38.60 2.10 15.00 -78.31 -18.53 -12.75 -0.00 -0.00 -0.61 -12.14
117 -50.00 -10.00 0.00 -50.00 -10.00 0.00 -79.19 -5.35 0.00 -7.87 2.03 15.00 -79.66 -18.56 -14.29 -0.00 -0.00 -0.53 -13.76
118 -50.00 -10.00 0.00 -50.00 -10.00 0.00 -79.03 -5.56 0.00 30.00 3.20 15.00 -80.30 -18.59 -15.07 -0.00 -0.00 -0.47 -14.61
119 -50.00 -10.00 0.00 -50.00 -10.00 0.00 -78.87 -5.76 0.00 -50.00 5.20 15.00 -74.10 -18.59 -6.02 -0.00 -0.00 -0.41 -5.61
120 -50.00 -10.00 0.00 -50.00 -10.00 0.00 -78.72 -5.96 0.00 -50.25 4.89 15.00 -75.74 -18.60 -9.89 -0.00 -0.00 -0.36 -9.53
121 -50.00 -10.00 0.00 -50.00 -10.00 0.00 -78.56 -6.15 0.00 -50.43 4.60 15.00 -77.97 -18.61 -12.46 -0.00 -0.00 -0.31 -12.14
122 -50.00 -10.00 0.00 -50.00 -10.00 0.00 -78.41 -6.34 0.00 -50.44 4.30 15.00 -79.39 -18.64 -14.03 -0.00 -0.00 -0.28 -13.76
123 -50.00 -10.00 0.00 -50.00 -10.00 0.00 -78.26 -6.53 0.00 -50.12 4.02 15.00 -80.08 -18.67 -14.85 -0.00 -0.00 -0.24 -14.61
124 -50.00 -10.00 0.00 -50.00 -10.00 0.00 -78.11 -6.71 0.00 -49.03 3.74 15.00 -80.29 -18.69 -15.10 -0.00 -0.00 -0.21 -14.89
125 -50.00 -10.00 0.00 -50.00 -10.00 0.00 -77.97 -6.89 0.00 -46.12 3.48 15.00 -80.18 -18.72 -14.94 -0.00 -0.00 -0.18 -14.76
126 -50.00 -10.00 0.00 -50.00 -10.00 0.00 -77.82 -7.06 0.00 -37.98 3.26 15.00 -79.86 -18.75 -14.49 -0.00 -0.00 -0.16 -14.33
127 -50.00 -10.00 0.00 -50.00 -10.00 0.00 -77.68 -7.23 0.00 -6.96 3.16 15.00 -79.39 -18.77 -13.83 -0.00 -0.00 -0.14 -13.69
128 -50.00 -10.00 0.00 -50.00 -10.00 0.00 -77.54 -7.40 0.00 30.00 4.36 15.00 -78.80 -18.79 -13.05 -0.00 -0.00 -0.12 -12.92
129 -50.00 -10.00 0.00 -50.00 -10.00 0.00 -77.40 -7.56 0.00 -50.00 6.36 15.00 -73.50 -18.78 -5.72 -0.00 -0.00 -0.11 -5.61
130 -50.00 -10.00 0.00 -50.00 -10.00 0.00 -77.27 -7.72 0.00 -51.69 6.03 15.00 -75.23 -18.78 -9.62 -0.00 -0.00 -0.09 -9.53
131 -50.00 -10.00 0.00 -50.00 -10.00 0.00 -77.13 -7.87 0.00 -54.83 5.69 15.00 -77.58 -18.79 -12.23 -0.00 -0.00 -0.08 -12.14
132 -50.00 -10.00 0.00 -50.00 -10.00 0.00 -77.00 -8.02 0.00 -60.01 5.33 15.00 -79.08 -18.81 -13.83 -0.00 -0.00 -0.07 -13.76
133 -50.00 -10.00 0.00 -50.00 -10.00 0.00 -76.87 -8.17 0.00 -66.46 4.96 15.00 -79.82 -18.83 -14.67 -0.00 -0.00 -0.06 -14.61
134 -50.00 -10.00 0.00 -50.00 -10.00 0.00 -76.74 -8.31 0.00 -71.44 4.58 15.00 -80.05 -18.86 -14.94 -0.00 -0.00 -0.05 -14.89
135 -50.00 -10.00 0.00 -50.00 -10.00 0.00 -76.62 -8.45 0.00 -73.57 4.19 15.00 -79.97 -18.88 -14.80 -0.00 -0.00 -0.05 -14.76
136 -50.00 -10.00 0.00 -50.00 -10.00 0.00 -76.49 -8.59 0.00 -73.99 3.81 15.00 -79.66 -18.90 -14.37 -0.00 -0.00 -0.04 -14.33
137 -50.00 -10.00 0.00 -50.00 -10.00 0.00 -76.37 -8.72 0.00 -73.82 3.44 15.00 -79.20 -18.92 -13.73 -0.00 -0.00 -0.04 -13.69
138 -50.00 -10.00 0.00 -50.00 -10.00 0.00 -76.25 -8.85 0.00 -73.48 3.08 15.00 -78.62 -18.93 -12.95 -0.00 -0.00 -0.03 -12.92
139 -50.00 -10.00 0.00 -50.00 -10.00 0.00 -76.13 -8.98 0.00 -73.09 2.72 15.00 -77.95 -18.94 -12.10 -0.00 -0.00 -0.03 -12.08
140 -50.00 -10.00 0.00 -50.00 -10.00 0.00 -76.01 -9.11 0.00 -72.68 2.38 15.00 -77.23 -18.95 -11.21 -0.00 -0.00 -0.02 -11.19
141 -50.00 -10.00 0.00 -50.00 -10.00 0.00 -75.89 -9.23 0.00 -72.27 2.04 15.00 -76.48 -18.96 -10.32 -0.00 -0.00 -0.02 -10.30
142 -50.00 -10.00 0.00 -50.00 -10.00 0.00 -75.78 -9.35 0.00 -71.84 1.71 15.00 -75.69 -18.95 -9.44 -0.00 -0.00 -0.02 -9.42
143 -50.00 -10.00 0.00 -50.00 -10.00 0.00 -75.67 -9.46 0.00 -71.41 1.39 15.00 -74.89 -18.95 -8.59 -0.00 -0.00 -0.02 -8.57
144 -50.00 -10.00 0.00 -50.00 -10.00 0.00 -75.56 -9.58 0.00 -70.97 1.08 15.00 -74.09 -18.94 -7.78 -0.00 -0.00 -0.01 -7.77
145 -50.00 -10.00 0.00 -50.00 -10.00 0.00 -75.45 -9.69 0.00 -70.52 0.78 15.00 -73.29 -18.93 -7.02 -0.00 -0.00 -0.01 -7.01
146 -50.00 -10.00 0.00 -50.00 -10.00 0.00 -75.34 -9.79 0.00 -70.06 0.48 15.00 -72.48 -18.91 -6.32 -0.00 -0.00 -0.01 -6.31
147 -50.00 -10.00 0.00 -50.00 -10.00 0.00 -75.24 -9.90 0.00 -69.59 0.19 15.00 -71.69 -18.89 -5.66 -0.00 -0.00 -0.01 -5.66
148 -50.00 -10.00 0.00 -50.00 -10.00 0.00 -75.13 -10.00 0.00 -69.10 -0.09 15.00 -70.91 -18.87 -5.07 -0.00 -0.00 -0.01 -5.06
149 -50.00 -10.00 0.00 -50.00 -10.00 0.00 -75.03 -10.10 0.00 -68.60 -0.36 15.00 -70.13 -18.84 -4.52 -0.00 -0.00 -0.01 -4.51
150 -50.00 -10.00 0.00 -50.00 -10.00 0.00 -74.93 -10.20 0.00 -68.07 -0.62 15.00 -69.36 -18.81 -4.02 -0.00 -0.00 -0.01 -4.01
151 -50.00 -10.00 0.00 -50.00 -10.00 0.00 -74.83 -10.29 0.00 -67.52 -0.88 15.00 -68.60 -18.78 -3.57 -0.00 -0.00 -0.00 -3.57
152 -50.00 -10.00 0.00 -50.00 -10.00 0.00 -74.74 -10.39 0.00 -66.94 -1.13 15.00 -67.85 -18.74 -3.16 -0.00 -0.00 -0.00 -3.16
153 -50.00 -10.00 0.00 -50.00 -10.00 0.00 -74.64 -10.48 0.00 -66.33 -1.38 15.00 -67.10 -18.70 -2.80 -0.00 -0.00 -0.00 -2.80
154 -50.00 -10.00 0.00 -50.00 -10.00 0.00 -74.55 -10.57 0.00 -65.67 -1.61 15.00 -66.34 -18.66 -2.47 -0.00 -0.00 -0.00 -2.47
155 -50.00 -10.00 0.00 -50.00 -10.00 0.00 -74.45 -10.65 0.00 -64.95 -1.84 15.00 -65.58 -18.62 -2.18 -0.00 -0.00 -0.00 -2.18
156 -50.00 -10.00 0.00 -50.00 -10.00 0.00 -74.36 -10.74 0.00 -64.16 -2.06 15.00 -64.81 -18.57 -1.92 -0.00 -0.00 -0.00 -1.92
157 -50.00 -10.00 0.00 -50.00 -10.00 0.00 -74.27 -10.82 0.00 -63.27 -2.27 15.00 -64.00 -18.52 -1.69 -0.00 -0.00 -0.00 -1.69
158 -50.00 -10.00 0.00 -50.00 -10.00 0.00 -74.19 -10.90 0.00 -62.24 -2.47 15.00 -63.15 -18.46 -1.49 -0.00 -0.00 -0.00 -1.48
159 -50.00 -10.00 0.00 -50.00 -10.00 0.00 -74.10 -10.98 0.00 -61.00 -2.67 15.00 -62.24 -18.40 -1.30 -0.00 -0.00 -0.00 -1.30
160 -50.00 -10.00 0.00 -50.00 -10.00 0.00 -74.01 -11.06 0.00 -59.43 -2.85 15.00 -61.21 -18.34 -1.14 -0.00 -0.00 -0.00 -1.14
161 -50.00 -10.00 0.00 -50.00 -10.00 0.00 -73.93 -11.13 0.00 -57.31 -3.02 15.00 -60.02 -18.28 -1.00 -0.00 -0.00 -0.00 -1.00
162 -50.00 -10.00 0.00 -50.00 -10.00 0.00 -73.85 -11.20 0.00 -54.13 -3.18 15.00 -58.55 -18.20 -0.88 -0.00 -0.00 -0.00 -0.88
163 -50.00 -10.00 0.00 -50.00 -10.00 0.00 -73.77 -11.27 0.00 -48.48 -3.31 15.00 -56.58 -18.12 -0.77 -0.00 -0.00 -0.00 -0.77
164 -50.00 -10.00 0.00 -50.00 -10.00 0.00 -73.69 -11.34 0.00 -35.29 -3.39 15.00 -53.63 -18.03 -0.67 -0.00 -0.00 -0.00 -0.67
165 -50.00 -10.00 0.00 -50.00 -10.00 0.00 -73.61 -11.41 0.00 18.76 -3.24 15.00 -48.44 -17.91 -0.59 -0.00 -0.00 -0.00 -0.58
166 -50.00 -10.00 0.00 -50.00 -10.00 0.00 -73.53 -11.48 0.00 30.00 1.11 15.00 -36.42 -17.73 -0.51 -0.00 -0.00 -0.00 -0.51
167 -50.00 -10.00 0.00 -50.00 -10.00 0.00 -73.46 -11.54 0.00 -50.00 3.11 15.00 1.38 -17.37 -5.61 -0.00 -0.00 -0.00 -5.61
168 -50.00 -10.00 0.00 -50.00 -10.00 0.00 -73.38 -11.60 0.00 -47.62 2.86 15.00 30.00 -14.65 -9.53 -0.00 -0.00 -0.00 -9.53
169 -50.00 -10.00 0.00 -50.00 -10.00 0.00 -73.31 -11.66 0.00 -41.33 2.63 15.00 -65.00 -8.65 -9.53 -0.00 -0.00 -0.00 -9.53
170 -50.00 -10.00 0.00 -50.00 -10.00 0.00 -73.24 -11.72 0.00 -20.37 2.50 15.00 -82.82 -8.90 -13.76 -0.00 -0.00 -0.00 -13.76
171 -50.00 -10.00 0.00 -50.00 -10.00 0.00 -73.17 -11.78 0.00 30.00 2.95 15.00 -85.90 -9.15 -14.61 -0.00 -0.00 -0.00 -14.61
172 -50.00 -10.00 0.00 -50.00 -10.00 0.00 -73.10 -11.84 0.00 -50.00 4.95 15.00 -80.59 -9.37 -5.61 -0.00 -0.00 -0.00 -5.61
173 -50.00 -10.00 0.00 -50.00 -10.00 0.00 -73.03 -11.89 0.00 -49.94 4.65 15.00 -82.66 -9.59 -9.53 -0.00 -0.00 -0.00 -9.53
174 -50.00 -10.00 0.00 -50.00 -10.00 0.00 -72.97 -11.95 0.00 -49.44 4.36 15.00 -84.15 -9.82 -12.14 -0.00 -0.00 -0.00 -12.14
175 -50.00 -10.00 0.00 -50.00 -10.00 0.00 -72.90 -12.00 0.00 -47.90 4.08 15.00 -84.95 -10.05 -13.76 -0.00 -0.00 -0.00 -13.76
176 -50.00 -10.00 0.00 -50.00 -10.00 0.00 -72.84 -12.05 0.00 -43.72 3.83 15.00 -85.30 -10.28 -14.61 -0.00 -0.00 -0.00 -14.61
177 -50.00 -10.00 0.00 -50.00 -10.00 0.00 -72.78 -12.10 0.00 -30.89 3.63 15.00 -85.34 -10.50 -14.89 -0.00 -0.00 -0.00 -14.89
178 -50.00 -10.00 0.00 -50.00 -10.00 0.00 -72.72 -12.15 0.00 30.00 3.69 15.00 -85.15 -10.71 -14.76 -0.00 -0.00 -0.00 -14.76
179 -50.00 -10.00 0.00 -50.00 -10.00 0.00 -72.66 -12.20 0.00 -50.00 5.69 15.00 -79.58 -10.90 -5.61 -0.00 -0.00 -0.00 -5.61
180 -50.00 -10.00 0.00 -50.00 -10.00 0.00 -72.60 -12.25 0.00 -50.85 5.37 15.00 -81.65 -11.09 -9.53 -0.00 -0.00 -0.00 -9.53
181 -50.00 -10.00 0.00 -50.00 -10.00 0.00 -72.54 -12.29 0.00 -52.32 5.05 15.00 -83.24 -11.28 -12.14 -0.00 -0.00 -0.00 -12.14
182 -50.00 -10.00 0.00 -50.00 -10.00 0.00 -72.48 -12.33 0.00 -54.89 4.73 15.00 -84.12 -11.48 -13.76 -0.00 -0.00 -0.00 -13.76
183 -50.00 -10.00 0.00 -50.00 -10.00 0.00 -72.43 -12.38 0.00 -59.05 4.40 15.00 -84.51 -11.67 -14.61 -0.00 -0.00 -0.00 -14.61
184 -50.00 -10.00 0.00 -50.00 -10.00 0.00 -72.37 -12.42 0.00 -64.45 4.05 15.00 -84.56 -11.86 -14.89 -0.00 -0.00 -0.00 -14.89
185 -50.00 -10.00 0.00 -50.00 -10.00 0.00 -72.32 -12.46 0.00 -69.27 3.70 15.00 -84.38 -12.04 -14.76 -0.00 -0.00 -0.00 -14.76
186 -50.00 -10.00 0.00 -50.00 -10.00 0.00 -72.26 -12.50 0.00 -71.91 3.33 15.00 -84.03 -12.22 -14.33 -0.00 -0.00 -0.00 -14.33
187 -50.00 -10.00 0.00 -50.00 -10.00 0.00 -72.21 -12.54 0.00 -72.75 2.98 15.00 -83.56 -12.40 -13.69 -0.00 -0.00 -0.00 -13.69
188 -50.00 -10.00 0.00 -50.00 -10.00 0.00 -72.16 -12.58 0.00 -72.77 2.63 15.00 -83.00 -12.56 -12.92 -0.00 -0.00 -0.00 -12.92
189 -50.00 -10.00 0.00 -50.00 -10.00 0.00 -72.11 -12.61 0.00 -72.50 2.28 15.00 -82.38 -12.72 -12.08 -0.00 -0.00 -0.00 -12.08
190 -50.00 -10.00 0.00 -50.00 -10.00 0.00 -72.06 -12.65 0.00 -72.13 1.95 15.00 -81.72 -12.88 -11.19 -0.00 -0.00 -0.00 -11.19
191 -50.00 -10.00 0.00 -50.00 -10.00 0.00 -72.02 -12.69 0.00 -71.72 1.62 15.00 -81.03 -13.03 -10.30 -0.00 -0.00 -0.00 -10.30
192 -50.00 -10.00 0.00 -50.00 -10.00 0.00 -71.97 -12.72 0.00 -71.29 1.31 15.00 -80.34 -13.17 -9.42 -0.00 -0.00 -0.00 -9.42
193 -50.00 -10.00 0.00 -50.00 -10.00 0.00 -71.92 -12.75 0.00 -70.85 1.00 15.00 -79.64 -13.30 -8.57 -0.00 -0.00 -0.00 -8.57
194 -50.00 -10.00 0.00 -50.00 -10.00 0.00 -71.88 -12.79 0.00 -70.40 0.70 15.00 -78.96 -13.43 -7.77 -0.00 -0.00 -0.00 -7.77
195 -50.00 -10.00 0.00 -50.00 -10.00 0.00 -71.84 -12.82 0.00 -69.93 0.40 15.00 -78.28 -13.55 -7.01 -0.00 -0.00 -0.00 -7.01
196 -50.00 -10.00 0.00 -50.00 -10.00 0.00 -71.79 -12.85 0.00 -69.46 0.12 15.00 -77.62 -13.67 -6.31 -0.00 -0.00 -0.00 -6.31
197 -50.00 -10.00 0.00 -50.00 -10.00 0.00 -71.75 -12.88 0.00 -68.96 -0.16 15.00 -76.98 -13.78 -5.66 -0.00 -0.00 -0.00 -5.66
198 -50.00 -10.00 0.00 -50.00 -10.00 0.00 -71.71 -12.91 0.00 -68.45 -0.43 15.00 -76.37 -13.89 -5.06 -0.00 -0.00 -0.00 -5.06
199 -50.00 -10.00 0.00 -50.00 -10.00 0.00 -71.67 -12.94 0.00 -67.92 -0.70 15.00 -75.77 -13.99 -4.51 -0.00 -0.00 -0.00 -4.51
200 -50.00 -10.00 0.00 -50.00 -10.00 0.00 -71.63 -12.96 0.00 -67.37 -0.95 15.00 -75.20 -14.09 -4.01 -0.00 -0.00 -0.00 -4.01
201 -50.00 -10.00 0.00 -30.12 -9.92 15.00 -71.59 -12.99 0.00 -79.29 -1.25 0.00 -74.66 -14.18 -3.57 -0.00 -0.00 -0.00 -3.57
202 -50.00 -10.00 0.00 30.00 -9.46 15.00 -71.55 -13.02 0.00 -81.69 -1.55 0.00 -74.14 -14.26 -3.16 -0.00 -0.00 -0.00 -3.16
203 -50.00 -10.00 0.00 -50.00 -7.46 15.00 -71.52 -13.04 0.00 -81.67 -1.85 0.00 -77.83 -14.37 -8.41 -0.00 -5.61 -0.00 -2.80
204 -50.00 -10.00 0.00 -33.65 -7.44 15.00 -71.48 -13.07 0.00 -81.49 -2.14 0.00 -80.84 -14.48 -12.00 -0.00 -9.53 -0.00 -2.47
205 -50.00 -10.00 0.00 30.00 -7.15 15.00 -71.44 -13.09 0.00 -81.30 -2.42 0.00 -82.47 -14.61 -14.32 -0.00 -12.15 -0.00 -2.18
206 -50.00 -10.00 0.00 -50.00 -5.15 15.00 -71.41 -13.12 0.00 -81.11 -2.69 0.00 -78.17 -14.71 -7.53 -0.00 -5.61 -0.00 -1.92
207 -50.00 -10.00 0.00 -36.80 -5.19 15.00 -71.38 -13.14 0.00 -80.92 -2.96 0.00 -80.15 -14.81 -11.22 -0.00 -9.53 -0.00 -1.69
208 -50.00 -10.00 0.00 13.78 -5.03 15.00 -71.34 -13.16 0.00 -80.74 -3.23 0.00 -81.80 -14.93 -13.63 -0.00 -12.15 -0.00 -1.48
209 -50.00 -10.00 0.00 30.00 -1.37 15.00 -71.31 -13.18 0.00 -80.56 -3.49 0.00 -82.70 -15.04 -15.06 -0.00 -13.76 -0.00 -1.30
210 -50.00 -10.00 0.00 -50.00 0.63 15.00 -71.28 -13.20 0.00 -80.38 -3.74 0.00 -77.37 -15.13 -6.75 -0.00 -5.61 -0.00 -1.14
211 -50.00 -10.00 0.00 -44.44 0.44 15.00 -71.25 -13.23 0.00 -80.20 -3.98 0.00 -79.31 -15.22 -10.53 -0.00 -9.53 -0.00 -1.00
212 -50.00 -10.00 0.00 -28.35 0.32 15.00 -71.22 -13.25 0.00 -80.03 -4.22 0.00 -81.10 -15.32 -13.02 -0.00 -12.15 -0.00 -0.88
213 -50.00 -10.00 0.00 30.00 0.54 15.00 -71.19 -13.27 0.00 -79.86 -4.46 0.00 -82.10 -15.43 -14.52 -0.00 -13.76 -0.00 -0.77
214 -50.00 -10.00 0.00 -50.00 2.54 15.00 -71.16 -13.29 0.00 -79.69 -4.69 0.00 -76.73 -15.50 -6.28 -0.00 -5.61 -0.00 -0.67
215 -50.00 -10.00 0.00 -46.90 2.30 15.00 -71.13 -13.30 0.00 -79.52 -4.91 0.00 -78.67 -15.58 -10.12 -0.00 -9.53 -0.00 -0.58
216 -50.00 -10.00 0.00 -38.60 2.10 15.00 -71.10 -13.32 0.00 -79.35 -5.13 0.00 -80.57 -15.68 -12.66 -0.00 -12.15 -0.00 -0.51
217 -50.00 -10.00 0.00 -7.87 2.03 15.00 -71.08 -13.34 0.00 -79.19 -5.35 0.00 -81.65 -15.77 -14.20 -0.00 -13.76 -0.00 -0.44
218 -50.00 -10.00 0.00 30.00 3.20 15.00 -71.05 -13.36 0.00 -79.03 -5.56 0.00 -82.14 -15.87 -15.00 -0.00 -14.61 -0.00 -0.39
219 -50.00 -10.00 0.00 -50.00 5.20 15.00 -71.02 -13.37 0.00 -78.87 -5.76 0.00 -76.20 -15.93 -5.95 -0.00 -5.61 -0.00 -0.34
220 -50.00 -10.00 0.00 -50.25 4.89 15.00 -71.00 -13.39 0.00 -78.72 -5.96 0.00 -78.08 -16.00 -9.82 -0.00 -9.53 -0.00 -0.29
221 -50.00 -10.00 0.00 -50.43 4.60 15.00 -70.97 -13.41 0.00 -78.56 -6.15 0.00 -80.06 -16.08 -12.40 -0.00 -12.15 -0.00 -0.26
222 -50.00 -10.00 0.00 -50.44 4.30 15.00 -70.95 -13.42 0.00 -78.41 -6.34 0.00 -81.22 -16.17 -13.98 -0.00 -13.76 -0.00 -0.22
223 -50.00 -10.00 0.00 -50.12 4.02 15.00 -70.93 -13.44 0.00 -78.26 -6.53 0.00 -81.76 -16.25 -14.80 -0.00 -14.61 -0.00 -0.19
224 -50.00 -10.00 0.00 -49.03 3.74 15.00 -70.90 -13.45 0.00 -78.11 -6.71 0.00 -81.90 -16.34 -15.06 -0.00 -14.89 -0.00 -0.17
225 -50.00 -10.00 0.00 -46.12 3.48 15.00 -70.88 -13.47 0.00 -77.97 -6.89 0.00 -81.76 -16.42 -14.90 -0.00 -14.76 -0.00 -0.15
226 -50.00 -10.00 0.00 -37.98 3.26 15.00 -70.86 -13.48 0.00 -77.82 -7.06 0.00 -81.42 -16.50 -14.46 -0.00 -14.33 -0.00 -0.13
227 -50.00 -10.00 0.00 -6.96 3.16 15.00 -70.84 -13.50 0.00 -77.68 -7.23 0.00 -80.94 -16.57 -13.80 -0.00 -13.70 -0.00 -0.11
228 -50.00 -10.00 0.00 30.00 4.36 15.00 -70.82 -13.51 0.00 -77.54 -7.40 0.00 -80.37 -16.64 -13.02 -0.00 -12.93 -0.00 -0.09
229 -50.00 -10.00 0.00 -50.00 6.36 15.00 -70.80 -13.52 0.00 -77.40 -7.56 0.00 -75.29 -16.69 -5.69 -0.00 -5.61 -0.00 -0.08
230 -50.00 -10.00 0.00 -51.69 6.03 15.00 -70.78 -13.53 0.00 -77.27 -7.72 0.00 -77.21 -16.74 -9.60 -0.00 -9.53 -0.00 -0.07
231 -50.00 -10.00 0.00 -54.83 5.69 15.00 -70.76 -13.55 0.00 -77.13 -7.87 0.00 -79.33 -16.80 -12.21 -0.00 -12.15 -0.00 -0.06
232 -50.00 -10.00 0.00 -60.01 5.33 15.00 -70.74 -13.56 0.00 -77.00 -8.02 0.00 -80.59 -16.87 -13.81 -0.00 -13.76 -0.00 -0.05
233 -50.00 -10.00 0.00 -66.46 4.96 15.00 -70.72 -13.57 0.00 -76.87 -8.17 0.00 -81.19 -16.93 -14.65 -0.00 -14.61 -0.00 -0.05
234 -50.00 -10.00 0.00 -71.44 4.58 15.00 -70.70 -13.58 0.00 -76.74 -8.31 0.00 -81.36 -17.00 -14.93 -0.00 -14.89 -0.00 -0.04
235 -50.00 -10.00 0.00 -73.57 4.19 15.00 -70.68 -13.59 0.00 -76.62 -8.45 0.00 -81.24 -17.07 -14.79 -0.00 -14.76 -0.00 -0.03
236 -50.00 -10.00 0.00 -73.99 3.81 15.00 -70.66 -13.60 0.00 -76.49 -8.59 0.00 -80.92 -17.13 -14.36 -0.00 -14.33 -0.00 -0.03
237 -50.00 -10.00 0.00 -73.82 3.44 15.00 -70.65 -13.61 0.00 -76.37 -8.72 0.00 -80.45 -17.19 -13.72 -0.00 -13.70 -0.00 -0.03
238 -50.00 -10.00 0.00 -73.48 3.08 15.00 -70.63 -13.62 0.00 -76.25 -8.85 0.00 -79.88 -17.25 -12.95 -0.00 -12.93 -0.00 -0.02
239 -50.00 -10.00 0.00 -73.09 2.72 15.00 -70.62 -13.63 0.00 -76.13 -8.98 0.00 -79.24 -17.30 -12.10 -0.00 -12.08 -0.00 -0.02
240 -50.00 -10.00 0.00 -72.68 2.38 15.00 -70.60 -13.64 0.00 -76.01 -9.11 0.00 -78.54 -17.35 -11.21 -0.00 -11.20 -0.00 -0.02
241 -50.00 -10.00 0.00 -72.27 2.04 15.00 -70.58 -13.65 0.00 -75.89 -9.23 0.00 -77.81 -17.39 -10.32 -0.00 -10.30 -0.00 -0.01
242 -50.00 -10.00 0.00 -71.84 1.71 15.00 -70.57 -13.66 0.00 -75.78 -9.35 0.00 -77.06 -17.43 -9.44 -0.00 -9.43 -0.00 -0.01
243 -50.00 -10.00 0.00 -71.41 1.39 15.00 -70.55 -13.67 0.00 -75.67 -9.46 0.00 -76.30 -17.46 -8.59 -0.00 -8.58 -0.00 -0.01
244 -50.00 -10.00 0.00 -70.97 1.08 15.00 -70.54 -13.68 0.00 -75.56 -9.58 0.00 -75.54 -17.49 -7.78 -0.00 -7.77 -0.00 -0.01
245 -50.00 -10.00 0.00 -70.52 0.78 15.00 -70.53 -13.69 0.00 -75.45 -9.69 0.00 -74.79 -17.51 -7.03 -0.00 -7.02 -0.00 -0.01
246 -50.00 -10.00 0.00 -70.06 0.48 15.00 -70.51 -13.70 0.00 -75.34 -9.79 0.00 -74.04 -17.53 -6.32 -0.00 -6.31 -0.00 -0.01
247 -50.00 -10.00 0.00 -69.59 0.19 15.00 -70.50 -13.71 0.00 -75.24 -9.90 0.00 -73.31 -17.55 -5.67 -0.00 -5.66 -0.00 -0.01
248 -50.00 -10.00 0.00 -69.10 -0.09 15.00 -70.49 -13.71 0.00 -75.13 -10.00 0.00 -72.60 -17.56 -5.07 -0.00 -5.06 -0.00 -0.01
249 -50.00 -10.00 0.00 -68.60 -0.36 15.00 -70.47 -13.72 0.00 -75.03 -10.10 0.00 -71.90 -17.57 -4.52 -0.00 -4.51 -0.00 -0.00
250 -50.00 -10.00 0.00 -68.07 -0.62 15.00 -70.46 -13.73 0.00 -74.93 -10.20 0.00 -71.22 -17.57 -4.02 -0.00 -4.02 -0.00 -0.00
251 -50.00 -10.00 0.00 -67.52 -0.88 15.00 -70.45 -13.74 0.00 -74.83 -10.29 0.00 -70.56 -17.57 -3.57 -0.00 -3.57 -0.00 -0.00
252 -50.00 -10.00 0.00 -66.94 -1.13 15.00 -70.44 -13.74 0.00 -74.74 -10.39 0.00 -69.93 -17.57 -3.17 -0.00 -3.16 -0.00 -0.00
253 -50.00 -10.00 0.00 -66.33 -1.38 15.00 -70.43 -13.75 0.00 -74.64 -10.48 0.00 -69.31 -17.57 -2.80 -0.00 -2.80 -0.00 -0.00
254 -50.00 -10.00 0.00 -65.67 -1.61 15.00 -70.42 -13.76 0.00 -74.55 -10.57 0.00 -68.70 -17.56 -2.48 -0.00 -2.47 -0.00 -0.00
255 -50.00 -10.00 0.00 -64.95 -1.84 15.00 -70.41 -13.76 0.00 -74.45 -10.65 0.00 -68.12 -17.55 -2.18 -0.00 -2.18 -0.00 -0.00
256 -50.00 -10.00 0.00 -64.16 -2.06 15.00 -70.40 -13.77 0.00 -74.36 -10.74 0.00 -67.55 -17.54 -1.92 -0.00 -1.92 -0.00 -0.00
257 -50.00 -10.00 0.00 -63.27 -2.27 15.00 -70.38 -13.77 0.00 -74.27 -10.82 0.00 -67.00 -17.52 -1.69 -0.00 -1.69 -0.00 -0.00
258 -50.00 -10.00 0.00 -62.24 -2.47 15.00 -70.37 -13.78 0.00 -74.19 -10.90 0.00 -66.46 -17.50 -1.49 -0.00 -1.49 -0.00 -0.00
259 -50.00 -10.00 0.00 -61.00 -2.67 15.00 -70.37 -13.79 0.00 -74.10 -10.98 0.00 -65.93 -17.48 -1.31 -0.00 -1.30 -0.00 -0.00
260 -50.00 -10.00 0.00 -59.43 -2.85 15.00 -70.36 -13.79 0.00 -74.01 -11.06 0.00 -65.41 -17.46 -1.14 -0.00 -1.14 -0.00 -0.00
261 -50.00 -10.00 0.00 -57.31 -3.02 15.00 -70.35 -13.80 0.00 -73.93 -11.13 0.00 -64.90 -17.43 -1.00 -0.00 -1.00 -0.00 -0.00
262 -50.00 -10.00 0.00 -54.13 -3.18 15.00 -70.34 -13.80 0.00 -73.85 -11.20 0.00 -64.39 -17.41 -0.88 -0.00 -0.88 -0.00 -0.00
263 -50.00 -10.00 0.00 -48.48 -3.31 15.00 -70.33 -13.81 0.00 -73.77 -11.27 0.00 -63.87 -17.38 -0.77 -0.00 -0.77 -0.00 -0.00
264 -50.00 -10.00 0.00 -35.29 -3.39 15.00 -70.32 -13.81 0.00 -73.69 -11.34 0.00 -63.35 -17.35 -0.67 -0.00 -0.67 -0.00 -0.00
265 -50.00 -10.00 0.00 18.76 -3.24 15.00 -70.31 -13.82 0.00 -73.61 -11.41 0.00 -62.82 -17.31 -0.59 -0.00 -0.59 -0.00 -0.00
266 -50.00 -10.00 0.00 30.00 1.11 15.00 -70.30 -13.82 0.00 -73.53 -11.48 0.00 -62.26 -17.28 -0.51 -0.00 -0.51 -0.00 -0.00
267 -50.00 -10.00 0.00 -50.00 3.11 15.00 -70.30 -13.83 0.00 -73.46 -11.54 0.00 -66.76 -17.27 -5.61 -0.00 -5.61 -0.00 -0.00
268 -50.00 -10.00 0.00 -47.62 2.86 15.00 -70.29 -13.83 0.00 -73.38 -11.60 0.00 -73.58 -17.29 -9.53 -0.00 -9.53 -0.00 -0.00
269 -50.00 -10.00 0.00 -41.33 2.63 15.00 -70.28 -13.84 0.00 -73.31 -11.66 0.00 -78.21 -17.34 -12.15 -0.00 -12.15 -0.00 -0.00
270 -50.00 -10.00 0.00 -20.37 2.50 15.00 -70.27 -13.84 0.00 -73.24 -11.72 0.00 -80.09 -17.39 -13.76 -0.00 -13.76 -0.00 -0.00
271 -50.00 -10.00 0.00 30.00 2.95 15.00 -70.27 -13.85 0.00 -73.17 -11.78 0.00 -80.79 -17.45 -14.61 -0.00 -14.61 -0.00 -0.00
272 -50.00 -10.00 0.00 -50.00 4.95 15.00 -70.26 -13.85 0.00 -73.10 -11.84 0.00 -74.70 -17.47 -5.61 -0.00 -5.61 -0.00 -0.00
273 -50.00 -10.00 0.00 -49.94 4.65 15.00 -70.25 -13.85 0.00 -73.03 -11.89 0.00 -76.45 -17.50 -9.53 -0.00 -9.53 -0.00 -0.00
274 -50.00 -10.00 0.00 -49.44 4.36 15.00 -70.25 -13.86 0.00 -72.97 -11.95 0.00 -78.64 -17.55 -12.15 -0.00 -12.15 -0.00 -0.00
275 -50.00 -10.00 0.00 -47.90 4.08 15.00 -70.24 -13.86 0.00 -72.90 -12.00 0.00 -80.00 -17.60 -13.76 -0.00 -13.76 -0.00 -0.00
276 -50.00 -10.00 0.00 -43.72 3.83 15.00 -70.23 -13.87 0.00 -72.84 -12.05 0.00 -80.65 -17.65 -14.61 -0.00 -14.61 -0.00 -0.00
277 -50.00 -10.00 0.00 -30.89 3.63 15.00 -70.23 -13.87 0.00 -72.78 -12.10 0.00 -80.85 -17.70 -14.89 -0.00 -14.89 -0.00 -0.00
278 -50.00 -10.00 0.00 30.00 3.69 15.00 -70.22 -13.87 0.00 -72.72 -12.15 0.00 -80.75 -17.75 -14.76 -0.00 -14.76 -0.00 -0.00
279 -50.00 -10.00 0.00 -50.00 5.69 15.00 -70.21 -13.88 0.00 -72.66 -12.20 0.00 -74.48 -17.77 -5.61 -0.00 -5.61 -0.00 -0.00
280 -50.00 -10.00 0.00 -50.85 5.37 15.00 -70.21 -13.88 0.00 -72.60 -12.25 0.00 -76.18 -17.79 -9.53 -0.00 -9.53 -0.00 -0.00
281 -50.00 -10.00 0.00 -52.32 5.05 15.00 -70.20 -13.88 0.00 -72.54 -12.29 0.00 -78.40 -17.83 -12.15 -0.00 -12.15 -0.00 -0.00
282 -50.00 -10.00 0.00 -54.89 4.73 15.00 -70.20 -13.89 0.00 -72.48 -12.33 0.00 -79.79 -17.87 -13.76 -0.00 -13.76 -0.00 -0.00
283 -50.00 -10.00 0.00 -59.05 4.40 15.00 -70.19 -13.89 0.00 -72.43 -12.38 0.00 -80.46 -17.91 -14.61 -0.00 -14.61 -0.00 -0.00
284 -50.00 -10.00 0.00 -64.45 4.05 15.00 -70.19 -13.89 0.00 -72.37 -12.42 0.00 -80.67 -17.96 -14.89 -0.00 -14.89 -0.00 -0.00
285 -50.00 -10.00 0.00 -69.27 3.70 15.00 -70.18 -13.89 0.00 -72.32 -12.46 0.00 -80.57 -18.00 -14.76 -0.00 -14.76 -0.00 -0.00
286 -50.00 -10.00 0.00 -71.91 3.33 15.00 -70.18 -13.90 0.00 -72.26 -12.50 0.00 -80.26 -18.04 -14.33 -0.00 -14.33 -0.00 -0.00
287 -50.00 -10.00 0.00 -72.75 2.98 15.00 -70.17 -13.90 0.00 -72.21 -12.54 0.00 -79.80 -18.08 -13.70 -0.00 -13.70 -0.00 -0.00
288 -50.00 -10.00 0.00 -72.77 2.63 15.00 -70.17 -13.90 0.00 -72.16 -12.58 0.00 -79.22 -18.12 -12.93 -0.00 -12.93 -0.00 -0.00
289 -50.00 -10.00 0.00 -72.50 2.28 15.00 -70.16 -13.91 0.00 -72.11 -12.61 0.00 -78.57 -18.15 -12.08 -0.00 -12.08 -0.00 -0.00
290 -50.00 -10.00 0.00 -72.13 1.95 15.00 -70.16 -13.91 0.00 -72.06 -12.65 0.00 -77.86 -18.17 -11.20 -0.00 -11.20 -0.00 -0.00
291 -50.00 -10.00 0.00 -71.72 1.62 15.00 -70.16 -13.91 0.00 -72.02 -12.69 0.00 -77.12 -18.20 -10.30 -0.00 -10.30 -0.00 -0.00
292 -50.00 -10.00 0.00 -71.29 1.31 15.00 -70.15 -13.91 0.00 -71.97 -12.72 0.00 -76.36 -18.21 -9.43 -0.00 -9.43 -0.00 -0.00
293 -50.00 -10.00 0.00 -70.85 1.00 15.00 -70.15 -13.92 0.00 -71.92 -12.75 0.00 -75.58 -18.23 -8.58 -0.00 -8.58 -0.00 -0.00
294 -50.00 -10.00 0.00 -70.40 0.70 15.00 -70.14 -13.92 0.00 -71.88 -12.79 0.00 -74.80 -18.24 -7.77 -0.00 -7.77 -0.00 -0.00
295 -50.00 -10.00 0.00 -69.93 0.40 15.00 -70.14 -13.92 0.00 -71.84 -12.82 0.00 -74.03 -18.24 -7.02 -0.00 -7.02 -0.00 -0.00
296 -50.00 -10.00 0.00 -69.46 0.12 15.00 -70.14 -13.92 0.00 -71.79 -12.85 0.00 -73.26 -18.24 -6.31 -0.00 -6.31 -0.00 -0.00
297 -50.00 -10.00 0.00 -68.96 -0.16 15.00 -70.13 -13.92 0.00 -71.75 -12.88 0.00 -72.50 -18.24 -5.66 -0.00 -5.66 -0.00 -0.00
298 -50.00 -10.00 0.00 -68.45 -0.43 15.00 -70.13 -13.93 0.00 -71.71 -12.91 0.00 -71.75 -18.24 -5.06 -0.00 -5.06 -0.00 -0.00
299 -50.00 -10.00 0.00 -67.92 -0.70 15.00 -70.13 -13.93 0.00 -71.67 -12.94 0.00 -71.02 -18.23 -4.51 -0.00 -4.51 -0.00 -0.00
300 -50.00 -10.00 0.00 -67.37 -0.95 15.00 -70.12 -13.93 0.00 -71.63 -12.96 0.00 -70.30 -18.21 -4.02 -0.00 -4.02 -0.00 -0.00