1 -50.00 -10.00 0.00 -50.00 -10.00 0.00 -50.00 -10.00 0.00 -30.12 -9.92 15.00 -64.76 -16.25 0.00 -0.00 -0.00 -0.00 -0.00
2 -50.00 -10.00 0.00 -50.00 -10.00 0.00 -50.00 -10.00 0.00 30.00 -9.46 15.00 -64.57 -16.25 0.00 -0.00 -0.00 -0.00 -0.00
3 -50.00 -10.00 0.00 -50.00 -10.00 0.00 -50.00 -10.00 0.00 -50.00 -7.46 15.00 -69.64 -16.27 -5.61 -0.00 -0.00 -0.00 -5.61
4 -50.00 -10.00 0.00 -50.00 -10.00 0.00 -50.00 -10.00 0.00 -33.65 -7.44 15.00 -75.76 -16.32 -9.53 -0.00 -0.00 -0.00 -9.53
5 -50.00 -10.00 0.00 -50.00 -10.00 0.00 -50.00 -10.00 0.00 30.00 -7.15 15.00 -79.34 -16.39 -12.14 -0.00 -0.00 -0.00 -12.14
6 -50.00 -10.00 0.00 -50.00 -10.00 0.00 -50.00 -10.00 0.00 -50.00 -5.15 15.00 -75.27 -16.44 -5.61 -0.00 -0.00 -0.00 -5.61
7 -50.00 -10.00 0.00 -50.00 -10.00 0.00 -50.00 -10.00 0.00 -36.80 -5.19 15.00 -77.33 -16.50 -9.53 -0.00 -0.00 -0.00 -9.53
8 -50.00 -10.00 0.00 -50.00 -10.00 0.00 -50.00 -10.00 0.00 13.78 -5.03 15.00 -79.46 -16.57 -12.14 -0.00 -0.00 -0.00 -12.14
9 -50.00 -10.00 0.00 -50.00 -10.00 0.00 -50.00 -10.00 0.00 30.00 -1.37 15.00 -80.72 -16.64 -13.76 -0.00 -0.00 -0.00 -13.76
10 -50.00 -10.00 0.00 -50.00 -10.00 0.00 -50.00 -10.00 0.00 -50.00 0.63 15.00 -75.27 -16.68 -5.61 -0.00 -0.00 -0.00 -5.61
11 -50.00 -10.00 0.00 -50.00 -10.00 0.00 -50.00 -10.00 0.00 -44.44 0.44 15.00 -77.15 -16.74 -9.53 -0.00 -0.00 -0.00 -9.53
12 -50.00 -10.00 0.00 -50.00 -10.00 0.00 -50.00 -10.00 0.00 -28.35 0.32 15.00 -79.28 -16.80 -12.14 -0.00 -0.00 -0.00 -12.14
13 -50.00 -10.00 0.00 -50.00 -10.00 0.00 -50.00 -10.00 0.00 30.00 0.54 15.00 -80.55 -16.86 -13.76 -0.00 -0.00 -0.00 -13.76
14 -50.00 -10.00 0.00 -50.00 -10.00 0.00 -50.00 -10.00 0.00 -50.00 2.54 15.00 -75.09 -16.90 -5.61 -0.00 -0.00 -0.00 -5.61
15 -50.00 -10.00 0.00 -50.00 -10.00 0.00 -50.00 -10.00 0.00 -46.90 2.30 15.00 -76.96 -16.95 -9.53 -0.00 -0.00 -0.00 -9.53
16 -50.00 -10.00 0.00 -50.00 -10.00 0.00 -50.00 -10.00 0.00 -38.60 2.10 15.00 -79.10 -17.01 -12.14 -0.00 -0.00 -0.00 -12.14
17 -50.00 -10.00 0.00 -50.00 -10.00 0.00 -50.00 -10.00 0.00 -7.87 2.03 15.00 -80.40 -17.07 -13.76 -0.00 -0.00 -0.00 -13.76
18 -50.00 -10.00 0.00 -50.00 -10.00 0.00 -50.00 -10.00 0.00 30.00 3.20 15.00 -81.02 -17.13 -14.61 -0.00 -0.00 -0.00 -14.61
19 -50.00 -10.00 0.00 -50.00 -10.00 0.00 -50.00 -10.00 0.00 -50.00 5.20 15.00 -74.96 -17.16 -5.61 -0.00 -0.00 -0.00 -5.61
20 -50.00 -10.00 0.00 -50.00 -10.00 0.00 -50.00 -10.00 0.00 -50.25 4.89 15.00 -76.74 -17.20 -9.53 -0.00 -0.00 -0.00 -9.53
21 -50.00 -10.00 0.00 -50.00 -10.00 0.00 -50.00 -10.00 0.00 -50.43 4.60 15.00 -78.89 -17.25 -12.14 -0.00 -0.00 -0.00 -12.14
22 -50.00 -10.00 0.00 -50.00 -10.00 0.00 -50.00 -10.00 0.00 -50.44 4.30 15.00 -80.22 -17.31 -13.76 -0.00 -0.00 -0.00 -13.76
23 -50.00 -10.00 0.00 -50.00 -10.00 0.00 -50.00 -10.00 0.00 -50.12 4.02 15.00 -80.85 -17.37 -14.61 -0.00 -0.00 -0.00 -14.61
24 -50.00 -10.00 0.00 -50.00 -10.00 0.00 -50.00 -10.00 0.00 -49.03 3.74 15.00 -81.04 -17.43 -14.89 -0.00 -0.00 -0.00 -14.89
25 -50.00 -10.00 0.00 -50.00 -10.00 0.00 -50.00 -10.00 0.00 -46.12 3.48 15.00 -80.93 -17.48 -14.76 -0.00 -0.00 -0.00 -14.76
26 -50.00 -10.00 0.00 -50.00 -10.00 0.00 -50.00 -10.00 0.00 -37.98 3.26 15.00 -80.62 -17.54 -14.33 -0.00 -0.00 -0.00 -14.33
27 -50.00 -10.00 0.00 -50.00 -10.00 0.00 -50.00 -10.00 0.00 -6.96 3.16 15.00 -80.15 -17.59 -13.69 -0.00 -0.00 -0.00 -13.69
28 -50.00 -10.00 0.00 -50.00 -10.00 0.00 -50.00 -10.00 0.00 30.00 4.36 15.00 -79.58 -17.63 -12.92 -0.00 -0.00 -0.00 -12.92
29 -50.00 -10.00 0.00 -50.00 -10.00 0.00 -50.00 -10.00 0.00 -50.00 6.36 15.00 -74.40 -17.65 -5.61 -0.00 -0.00 -0.00 -5.61
30 -50.00 -10.00 0.00 -50.00 -10.00 0.00 -50.00 -10.00 0.00 -51.69 6.03 15.00 -76.25 -17.68 -9.53 -0.00 -0.00 -0.00 -9.53
31 -50.00 -10.00 0.00 -50.00 -10.00 0.00 -50.00 -10.00 0.00 -54.83 5.69 15.00 -78.49 -17.72 -12.14 -0.00 -0.00 -0.00 -12.14
32 -50.00 -10.00 0.00 -50.00 -10.00 0.00 -50.00 -10.00 0.00 -60.01 5.33 15.00 -79.87 -17.76 -13.76 -0.00 -0.00 -0.00 -13.76
33 -50.00 -10.00 0.00 -50.00 -10.00 0.00 -50.00 -10.00 0.00 -66.46 4.96 15.00 -80.53 -17.81 -14.61 -0.00 -0.00 -0.00 -14.61
34 -50.00 -10.00 0.00 -50.00 -10.00 0.00 -50.00 -10.00 0.00 -71.44 4.58 15.00 -80.74 -17.86 -14.89 -0.00 -0.00 -0.00 -14.89
35 -50.00 -10.00 0.00 -50.00 -10.00 0.00 -50.00 -10.00 0.00 -73.57 4.19 15.00 -80.64 -17.90 -14.76 -0.00 -0.00 -0.00 -14.76
36 -50.00 -10.00 0.00 -50.00 -10.00 0.00 -50.00 -10.00 0.00 -73.99 3.81 15.00 -80.33 -17.95 -14.33 -0.00 -0.00 -0.00 -14.33
37 -50.00 -10.00 0.00 -50.00 -10.00 0.00 -50.00 -10.00 0.00 -73.82 3.44 15.00 -79.86 -17.99 -13.69 -0.00 -0.00 -0.00 -13.69
38 -50.00 -10.00 0.00 -50.00 -10.00 0.00 -50.00 -10.00 0.00 -73.48 3.08 15.00 -79.29 -18.02 -12.92 -0.00 -0.00 -0.00 -12.92
39 -50.00 -10.00 0.00 -50.00 -10.00 0.00 -50.00 -10.00 0.00 -73.09 2.72 15.00 -78.64 -18.06 -12.08 -0.00 -0.00 -0.00 -12.08
40 -50.00 -10.00 0.00 -50.00 -10.00 0.00 -50.00 -10.00 0.00 -72.68 2.38 15.00 -77.93 -18.09 -11.19 -0.00 -0.00 -0.00 -11.19
41 -50.00 -10.00 0.00 -50.00 -10.00 0.00 -50.00 -10.00 0.00 -72.27 2.04 15.00 -77.19 -18.11 -10.30 -0.00 -0.00 -0.00 -10.30
42 -50.00 -10.00 0.00 -50.00 -10.00 0.00 -50.00 -10.00 0.00 -71.84 1.71 15.00 -76.43 -18.13 -9.42 -0.00 -0.00 -0.00 -9.42
43 -50.00 -10.00 0.00 -50.00 -10.00 0.00 -50.00 -10.00 0.00 -71.41 1.39 15.00 -75.65 -18.15 -8.57 -0.00 -0.00 -0.00 -8.57
44 -50.00 -10.00 0.00 -50.00 -10.00 0.00 -50.00 -10.00 0.00 -70.97 1.08 15.00 -74.88 -18.16 -7.77 -0.00 -0.00 -0.00 -7.77
45 -50.00 -10.00 0.00 -50.00 -10.00 0.00 -50.00 -10.00 0.00 -70.52 0.78 15.00 -74.10 -18.16 -7.01 -0.00 -0.00 -0.00 -7.01
46 -50.00 -10.00 0.00 -50.00 -10.00 0.00 -50.00 -10.00 0.00 -70.06 0.48 15.00 -73.34 -18.17 -6.31 -0.00 -0.00 -0.00 -6.31
47 -50.00 -10.00 0.00 -50.00 -10.00 0.00 -50.00 -10.00 0.00 -69.59 0.19 15.00 -72.58 -18.17 -5.66 -0.00 -0.00 -0.00 -5.66
48 -50.00 -10.00 0.00 -50.00 -10.00 0.00 -50.00 -10.00 0.00 -69.10 -0.09 15.00 -71.84 -18.16 -5.06 -0.00 -0.00 -0.00 -5.06
49 -50.00 -10.00 0.00 -50.00 -10.00 0.00 -50.00 -10.00 0.00 -68.60 -0.36 15.00 -71.11 -18.16 -4.51 -0.00 -0.00 -0.00 -4.51
50 -50.00 -10.00 0.00 -50.00 -10.00 0.00 -50.00 -10.00 0.00 -68.07 -0.62 15.00 -70.40 -18.14 -4.01 -0.00 -0.00 -0.00 -4.01
51 -50.00 -10.00 0.00 -50.00 -10.00 0.00 -50.00 -10.00 0.00 -67.52 -0.88 15.00 -69.70 -18.13 -3.57 -0.00 -0.00 -0.00 -3.57
52 -50.00 -10.00 0.00 -50.00 -10.00 0.00 -50.00 -10.00 0.00 -66.94 -1.13 15.00 -69.02 -18.11 -3.16 -0.00 -0.00 -0.00 -3.16
53 -50.00 -10.00 0.00 -50.00 -10.00 0.00 -50.00 -10.00 0.00 -66.33 -1.38 15.00 -68.35 -18.09 -2.80 -0.00 -0.00 -0.00 -2.80
54 -50.00 -10.00 0.00 -50.00 -10.00 0.00 -50.00 -10.00 0.00 -65.67 -1.61 15.00 -67.69 -18.07 -2.47 -0.00 -0.00 -0.00 -2.47
55 -50.00 -10.00 0.00 -50.00 -10.00 0.00 -50.00 -10.00 0.00 -64.95 -1.84 15.00 -67.05 -18.04 -2.18 -0.00 -0.00 -0.00 -2.18
56 -50.00 -10.00 0.00 -50.00 -10.00 0.00 -50.00 -10.00 0.00 -64.16 -2.06 15.00 -66.41 -18.01 -1.92 -0.00 -0.00 -0.00 -1.92
57 -50.00 -10.00 0.00 -50.00 -10.00 0.00 -50.00 -10.00 0.00 -63.27 -2.27 15.00 -65.77 -17.98 -1.69 -0.00 -0.00 -0.00 -1.69
58 -50.00 -10.00 0.00 -50.00 -10.00 0.00 -50.00 -10.00 0.00 -62.24 -2.47 15.00 -65.14 -17.95 -1.48 -0.00 -0.00 -0.00 -1.48
59 -50.00 -10.00 0.00 -50.00 -10.00 0.00 -50.00 -10.00 0.00 -61.00 -2.67 15.00 -64.50 -17.91 -1.30 -0.00 -0.00 -0.00 -1.30
60 -50.00 -10.00 0.00 -50.00 -10.00 0.00 -50.00 -10.00 0.00 -59.43 -2.85 15.00 -63.85 -17.87 -1.14 -0.00 -0.00 -0.00 -1.14
61 -50.00 -10.00 0.00 -50.00 -10.00 0.00 -50.00 -10.00 0.00 -57.31 -3.02 15.00 -63.17 -17.83 -1.00 -0.00 -0.00 -0.00 -1.00
62 -50.00 -10.00 0.00 -50.00 -10.00 0.00 -50.00 -10.00 0.00 -54.13 -3.18 15.00 -62.45 -17.79 -0.88 -0.00 -0.00 -0.00 -0.88
63 -50.00 -10.00 0.00 -50.00 -10.00 0.00 -50.00 -10.00 0.00 -48.48 -3.31 15.00 -61.68 -17.74 -0.77 -0.00 -0.00 -0.00 -0.77
64 -50.00 -10.00 0.00 -50.00 -10.00 0.00 -50.00 -10.00 0.00 -35.29 -3.39 15.00 -60.81 -17.69 -0.67 -0.00 -0.00 -0.00 -0.67
65 -50.00 -10.00 0.00 -50.00 -10.00 0.00 -50.00 -10.00 0.00 18.76 -3.24 15.00 -59.81 -17.63 -0.58 -0.00 -0.00 -0.00 -0.58
66 -50.00 -10.00 0.00 -50.00 -10.00 0.00 -50.00 -10.00 0.00 30.00 1.11 15.00 -58.57 -17.57 -0.51 -0.00 -0.00 -0.00 -0.51
67 -50.00 -10.00 0.00 -50.00 -10.00 0.00 -50.00 -10.00 0.00 -50.00 3.11 15.00 -62.46 -17.54 -5.61 -0.00 -0.00 -0.00 -5.61
68 -50.00 -10.00 0.00 -50.00 -10.00 0.00 -50.00 -10.00 0.00 -47.62 2.86 15.00 -70.37 -17.54 -9.53 -0.00 -0.00 -0.00 -9.53
69 -50.00 -10.00 0.00 -50.00 -10.00 0.00 -50.00 -10.00 0.00 -41.33 2.63 15.00 -77.08 -17.57 -12.14 -0.00 -0.00 -0.00 -12.14
70 -50.00 -10.00 0.00 -50.00 -10.00 0.00 -50.00 -10.00 0.00 -20.37 2.50 15.00 -79.79 -17.62 -13.76 -0.00 -0.00 -0.00 -13.76
71 -50.00 -10.00 0.00 -50.00 -10.00 0.00 -50.00 -10.00 0.00 30.00 2.95 15.00 -80.62 -17.67 -14.61 -0.00 -0.00 -0.00 -14.61
72 -50.00 -10.00 0.00 -50.00 -10.00 0.00 -50.00 -10.00 0.00 -50.00 4.95 15.00 -74.52 -17.69 -5.61 -0.00 -0.00 -0.00 -5.61
73 -50.00 -10.00 0.00 -50.00 -10.00 0.00 -50.00 -10.00 0.00 -49.94 4.65 15.00 -76.25 -17.72 -9.53 -0.00 -0.00 -0.00 -9.53
74 -50.00 -10.00 0.00 -50.00 -10.00 0.00 -50.00 -10.00 0.00 -49.44 4.36 15.00 -78.46 -17.75 -12.14 -0.00 -0.00 -0.00 -12.14
75 -50.00 -10.00 0.00 -50.00 -10.00 0.00 -50.00 -10.00 0.00 -47.90 4.08 15.00 -79.84 -17.80 -13.76 -0.00 -0.00 -0.00 -13.76
76 -50.00 -10.00 0.00 -50.00 -10.00 0.00 -50.00 -10.00 0.00 -43.72 3.83 15.00 -80.51 -17.84 -14.61 -0.00 -0.00 -0.00 -14.61
77 -50.00 -10.00 0.00 -50.00 -10.00 0.00 -50.00 -10.00 0.00 -30.89 3.63 15.00 -80.71 -17.89 -14.89 -0.00 -0.00 -0.00 -14.89
78 -50.00 -10.00 0.00 -50.00 -10.00 0.00 -50.00 -10.00 0.00 30.00 3.69 15.00 -80.62 -17.94 -14.76 -0.00 -0.00 -0.00 -14.76
79 -50.00 -10.00 0.00 -50.00 -10.00 0.00 -50.00 -10.00 0.00 -50.00 5.69 15.00 -74.32 -17.95 -5.61 -0.00 -0.00 -0.00 -5.61
80 -50.00 -10.00 0.00 -50.00 -10.00 0.00 -50.00 -10.00 0.00 -50.85 5.37 15.00 -76.01 -17.97 -9.53 -0.00 -0.00 -0.00 -9.53
81 -50.00 -10.00 0.00 -50.00 -10.00 0.00 -50.00 -10.00 0.00 -52.32 5.05 15.00 -78.24 -18.00 -12.14 -0.00 -0.00 -0.00 -12.14
82 -50.00 -10.00 0.00 -50.00 -10.00 0.00 -50.00 -10.00 0.00 -54.89 4.73 15.00 -79.65 -18.04 -13.76 -0.00 -0.00 -0.00 -13.76
83 -50.00 -10.00 0.00 -50.00 -10.00 0.00 -50.00 -10.00 0.00 -59.05 4.40 15.00 -80.34 -18.08 -14.61 -0.00 -0.00 -0.00 -14.61
84 -50.00 -10.00 0.00 -50.00 -10.00 0.00 -50.00 -10.00 0.00 -64.45 4.05 15.00 -80.55 -18.12 -14.89 -0.00 -0.00 -0.00 -14.89
85 -50.00 -10.00 0.00 -50.00 -10.00 0.00 -50.00 -10.00 0.00 -69.27 3.70 15.00 -80.46 -18.16 -14.76 -0.00 -0.00 -0.00 -14.76
86 -50.00 -10.00 0.00 -50.00 -10.00 0.00 -50.00 -10.00 0.00 -71.91 3.33 15.00 -80.15 -18.20 -14.33 -0.00 -0.00 -0.00 -14.33
87 -50.00 -10.00 0.00 -50.00 -10.00 0.00 -50.00 -10.00 0.00 -72.75 2.98 15.00 -79.68 -18.23 -13.69 -0.00 -0.00 -0.00 -13.69
88 -50.00 -10.00 0.00 -50.00 -10.00 0.00 -50.00 -10.00 0.00 -72.77 2.63 15.00 -79.11 -18.27 -12.92 -0.00 -0.00 -0.00 -12.92
89 -50.00 -10.00 0.00 -50.00 -10.00 0.00 -50.00 -10.00 0.00 -72.50 2.28 15.00 -78.45 -18.29 -12.08 -0.00 -0.00 -0.00 -12.08
90 -50.00 -10.00 0.00 -50.00 -10.00 0.00 -50.00 -10.00 0.00 -72.13 1.95 15.00 -77.75 -18.31 -11.19 -0.00 -0.00 -0.00 -11.19
91 -50.00 -10.00 0.00 -50.00 -10.00 0.00 -50.00 -10.00 0.00 -71.72 1.62 15.00 -77.00 -18.33 -10.30 -0.00 -0.00 -0.00 -10.30
92 -50.00 -10.00 0.00 -50.00 -10.00 0.00 -50.00 -10.00 0.00 -71.29 1.31 15.00 -76.23 -18.35 -9.42 -0.00 -0.00 -0.00 -9.42
93 -50.00 -10.00 0.00 -50.00 -10.00 0.00 -50.00 -10.00 0.00 -70.85 1.00 15.00 -75.45 -18.36 -8.57 -0.00 -0.00 -0.00 -8.57
94 -50.00 -10.00 0.00 -50.00 -10.00 0.00 -50.00 -10.00 0.00 -70.40 0.70 15.00 -74.67 -18.36 -7.77 -0.00 -0.00 -0.00 -7.77
95 -50.00 -10.00 0.00 -50.00 -10.00 0.00 -50.00 -10.00 0.00 -69.93 0.40 15.00 -73.89 -18.37 -7.01 -0.00 -0.00 -0.00 -7.01
96 -50.00 -10.00 0.00 -50.00 -10.00 0.00 -50.00 -10.00 0.00 -69.46 0.12 15.00 -73.11 -18.36 -6.31 -0.00 -0.00 -0.00 -6.31
97 -50.00 -10.00 0.00 -50.00 -10.00 0.00 -50.00 -10.00 0.00 -68.96 -0.16 15.00 -72.35 -18.36 -5.66 -0.00 -0.00 -0.00 -5.66
98 -50.00 -10.00 0.00 -50.00 -10.00 0.00 -50.00 -10.00 0.00 -68.45 -0.43 15.00 -71.60 -18.35 -5.06 -0.00 -0.00 -0.00 -5.06
99 -50.00 -10.00 0.00 -50.00 -10.00 0.00 -50.00 -10.00 0.00 -67.92 -0.70 15.00 -70.86 -18.34 -4.51 -0.00 -0.00 -0.00 -4.51
100 -50.00 -10.00 0.00 -50.00 -10.00 0.00 -50.00 -10.00 0.00 -67.37 -0.95 15.00 -70.13 -18.32 -4.01 -0.00 -0.00 -0.00 -4.01
101 -50.00 -10.00 0.00 -30.12 -9.92 15.00 -50.00 -10.00 0.00 -79.29 -1.25 0.00 -69.42 -18.30 -3.57 -0.00 -0.00 -0.00 -3.57
102 -50.00 -10.00 0.00 30.00 -9.46 15.00 -50.00 -10.00 0.00 -81.69 -1.55 0.00 -68.72 -18.28 -3.16 -0.00 -0.00 -0.00 -3.16
103 -50.00 -10.00 0.00 -50.00 -7.46 15.00 -50.00 -10.00 0.00 -81.67 -1.85 0.00 -72.83 -18.28 -8.41 -0.00 -5.61 -0.00 -2.80
104 -50.00 -10.00 0.00 -33.65 -7.44 15.00 -50.00 -10.00 0.00 -81.49 -2.14 0.00 -77.19 -18.30 -12.00 -0.00 -9.53 -0.00 -2.47
105 -50.00 -10.00 0.00 30.00 -7.15 15.00 -50.00 -10.00 0.00 -81.30 -2.42 0.00 -79.70 -18.33 -14.32 -0.00 -12.15 -0.00 -2.18
106 -50.00 -10.00 0.00 -50.00 -5.15 15.00 -50.00 -10.00 0.00 -81.11 -2.69 0.00 -75.31 -18.34 -7.53 -0.00 -5.61 -0.00 -1.92
107 -50.00 -10.00 0.00 -36.80 -5.19 15.00 -50.00 -10.00 0.00 -80.92 -2.96 0.00 -77.18 -18.36 -11.22 -0.00 -9.53 -0.00 -1.69
108 -50.00 -10.00 0.00 13.78 -5.03 15.00 -50.00 -10.00 0.00 -80.74 -3.23 0.00 -79.19 -18.39 -13.63 -0.00 -12.15 -0.00 -1.48
109 -50.00 -10.00 0.00 30.00 -1.37 15.00 -50.00 -10.00 0.00 -80.56 -3.49 0.00 -80.36 -18.42 -15.06 -0.00 -13.76 -0.00 -1.30
110 -50.00 -10.00 0.00 -50.00 0.63 15.00 -50.00 -10.00 0.00 -80.38 -3.74 0.00 -74.77 -18.43 -6.75 -0.00 -5.61 -0.00 -1.14
111 -50.00 -10.00 0.00 -44.44 0.44 15.00 -50.00 -10.00 0.00 -80.20 -3.98 0.00 -76.50 -18.44 -10.53 -0.00 -9.53 -0.00 -1.00
112 -50.00 -10.00 0.00 -28.35 0.32 15.00 -50.00 -10.00 0.00 -80.03 -4.22 0.00 -78.61 -18.47 -13.02 -0.00 -12.15 -0.00 -0.88
113 -50.00 -10.00 0.00 30.00 0.54 15.00 -50.00 -10.00 0.00 -79.86 -4.46 0.00 -79.90 -18.50 -14.52 -0.00 -13.76 -0.00 -0.77
114 -50.00 -10.00 0.00 -50.00 2.54 15.00 -50.00 -10.00 0.00 -79.69 -4.69 0.00 -74.31 -18.50 -6.28 -0.00 -5.61 -0.00 -0.67
115 -50.00 -10.00 0.00 -46.90 2.30 15.00 -50.00 -10.00 0.00 -79.52 -4.91 0.00 -76.03 -18.51 -10.12 -0.00 -9.53 -0.00 -0.58
116 -50.00 -10.00 0.00 -38.60 2.10 15.00 -50.00 -10.00 0.00 -79.35 -5.13 0.00 -78.23 -18.53 -12.66 -0.00 -12.15 -0.00 -0.51
117 -50.00 -10.00 0.00 -7.87 2.03 15.00 -50.00 -10.00 0.00 -79.19 -5.35 0.00 -79.60 -18.56 -14.20 -0.00 -13.76 -0.00 -0.44
118 -50.00 -10.00 0.00 30.00 3.20 15.00 -50.00 -10.00 0.00 -79.03 -5.56 0.00 -80.25 -18.59 -15.00 -0.00 -14.61 -0.00 -0.39
119 -50.00 -10.00 0.00 -50.00 5.20 15.00 -50.00 -10.00 0.00 -78.87 -5.76 0.00 -74.05 -18.59 -5.95 -0.00 -5.61 -0.00 -0.34
120 -50.00 -10.00 0.00 -50.25 4.89 15.00 -50.00 -10.00 0.00 -78.72 -5.96 0.00 -75.68 -18.59 -9.82 -0.00 -9.53 -0.00 -0.29
121 -50.00 -10.00 0.00 -50.43 4.60 15.00 -50.00 -10.00 0.00 -78.56 -6.15 0.00 -77.92 -18.61 -12.40 -0.00 -12.15 -0.00 -0.26
122 -50.00 -10.00 0.00 -50.44 4.30 15.00 -50.00 -10.00 0.00 -78.41 -6.34 0.00 -79.36 -18.63 -13.98 -0.00 -13.76 -0.00 -0.22
123 -50.00 -10.00 0.00 -50.12 4.02 15.00 -50.00 -10.00 0.00 -78.26 -6.53 0.00 -80.05 -18.66 -14.80 -0.00 -14.61 -0.00 -0.19
124 -50.00 -10.00 0.00 -49.03 3.74 15.00 -50.00 -10.00 0.00 -78.11 -6.71 0.00 -80.26 -18.69 -15.06 -0.00 -14.89 -0.00 -0.17
125 -50.00 -10.00 0.00 -46.12 3.48 15.00 -50.00 -10.00 0.00 -77.97 -6.89 0.00 -80.16 -18.72 -14.90 -0.00 -14.76 -0.00 -0.15
126 -50.00 -10.00 0.00 -37.98 3.26 15.00 -50.00 -10.00 0.00 -77.82 -7.06 0.00 -79.84 -18.74 -14.46 -0.00 -14.33 -0.00 -0.13
127 -50.00 -10.00 0.00 -6.96 3.16 15.00 -50.00 -10.00 0.00 -77.68 -7.23 0.00 -79.37 -18.76 -13.80 -0.00 -13.70 -0.00 -0.11
128 -50.00 -10.00 0.00 30.00 4.36 15.00 -50.00 -10.00 0.00 -77.54 -7.40 0.00 -78.79 -18.78 -13.02 -0.00 -12.93 -0.00 -0.09
129 -50.00 -10.00 0.00 -50.00 6.36 15.00 -50.00 -10.00 0.00 -77.40 -7.56 0.00 -73.48 -18.77 -5.69 -0.00 -5.61 -0.00 -0.08
130 -50.00 -10.00 0.00 -51.69 6.03 15.00 -50.00 -10.00 0.00 -77.27 -7.72 0.00 -75.22 -18.77 -9.60 -0.00 -9.53 -0.00 -0.07
131 -50.00 -10.00 0.00 -54.83 5.69 15.00 -50.00 -10.00 0.00 -77.13 -7.87 0.00 -77.56 -18.79 -12.21 -0.00 -12.15 -0.00 -0.06
132 -50.00 -10.00 0.00 -60.01 5.33 15.00 -50.00 -10.00 0.00 -77.00 -8.02 0.00 -79.07 -18.81 -13.81 -0.00 -13.76 -0.00 -0.05
133 -50.00 -10.00 0.00 -66.46 4.96 15.00 -50.00 -10.00 0.00 -76.87 -8.17 0.00 -79.81 -18.83 -14.65 -0.00 -14.61 -0.00 -0.05
134 -50.00 -10.00 0.00 -71.44 4.58 15.00 -50.00 -10.00 0.00 -76.74 -8.31 0.00 -80.05 -18.85 -14.93 -0.00 -14.89 -0.00 -0.04
135 -50.00 -10.00 0.00 -73.57 4.19 15.00 -50.00 -10.00 0.00 -76.62 -8.45 0.00 -79.97 -18.88 -14.79 -0.00 -14.76 -0.00 -0.03
136 -50.00 -10.00 0.00 -73.99 3.81 15.00 -50.00 -10.00 0.00 -76.49 -8.59 0.00 -79.66 -18.90 -14.36 -0.00 -14.33 -0.00 -0.03
137 -50.00 -10.00 0.00 -73.82 3.44 15.00 -50.00 -10.00 0.00 -76.37 -8.72 0.00 -79.19 -18.91 -13.72 -0.00 -13.70 -0.00 -0.03
138 -50.00 -10.00 0.00 -73.48 3.08 15.00 -50.00 -10.00 0.00 -76.25 -8.85 0.00 -78.62 -18.93 -12.95 -0.00 -12.93 -0.00 -0.02
139 -50.00 -10.00 0.00 -73.09 2.72 15.00 -50.00 -10.00 0.00 -76.13 -8.98 0.00 -77.95 -18.94 -12.10 -0.00 -12.08 -0.00 -0.02
140 -50.00 -10.00 0.00 -72.68 2.38 15.00 -50.00 -10.00 0.00 -76.01 -9.11 0.00 -77.24 -18.95 -11.21 -0.00 -11.20 -0.00 -0.02
141 -50.00 -10.00 0.00 -72.27 2.04 15.00 -50.00 -10.00 0.00 -75.89 -9.23 0.00 -76.48 -18.95 -10.32 -0.00 -10.30 -0.00 -0.01
142 -50.00 -10.00 0.00 -71.84 1.71 15.00 -50.00 -10.00 0.00 -75.78 -9.35 0.00 -75.69 -18.95 -9.44 -0.00 -9.43 -0.00 -0.01
143 -50.00 -10.00 0.00 -71.41 1.39 15.00 -50.00 -10.00 0.00 -75.67 -9.46 0.00 -74.90 -18.95 -8.59 -0.00 -8.58 -0.00 -0.01
144 -50.00 -10.00 0.00 -70.97 1.08 15.00 -50.00 -10.00 0.00 -75.56 -9.58 0.00 -74.09 -18.94 -7.78 -0.00 -7.77 -0.00 -0.01
145 -50.00 -10.00 0.00 -70.52 0.78 15.00 -50.00 -10.00 0.00 -75.45 -9.69 0.00 -73.29 -18.93 -7.03 -0.00 -7.02 -0.00 -0.01
146 -50.00 -10.00 0.00 -70.06 0.48 15.00 -50.00 -10.00 0.00 -75.34 -9.79 0.00 -72.49 -18.91 -6.32 -0.00 -6.31 -0.00 -0.01
147 -50.00 -10.00 0.00 -69.59 0.19 15.00 -50.00 -10.00 0.00 -75.24 -9.90 0.00 -71.70 -18.89 -5.67 -0.00 -5.66 -0.00 -0.01
148 -50.00 -10.00 0.00 -69.10 -0.09 15.00 -50.00 -10.00 0.00 -75.13 -10.00 0.00 -70.91 -18.87 -5.07 -0.00 -5.06 -0.00 -0.01
149 -50.00 -10.00 0.00 -68.60 -0.36 15.00 -50.00 -10.00 0.00 -75.03 -10.10 0.00 -70.14 -18.84 -4.52 -0.00 -4.51 -0.00 -0.00
150 -50.00 -10.00 0.00 -68.07 -0.62 15.00 -50.00 -10.00 0.00 -74.93 -10.20 0.00 -69.37 -18.81 -4.02 -0.00 -4.02 -0.00 -0.00
151 -50.00 -10.00 0.00 -67.52 -0.88 15.00 -50.00 -10.00 0.00 -74.83 -10.29 0.00 -68.61 -18.78 -3.57 -0.00 -3.57 -0.00 -0.00
152 -50.00 -10.00 0.00 -66.94 -1.13 15.00 -50.00 -10.00 0.00 -74.74 -10.39 0.00 -67.86 -18.74 -3.17 -0.00 -3.16 -0.00 -0.00
153 -50.00 -10.00 0.00 -66.33 -1.38 15.00 -50.00 -10.00 0.00 -74.64 -10.48 0.00 -67.11 -18.70 -2.80 -0.00 -2.80 -0.00 -0.00
154 -50.00 -10.00 0.00 -65.67 -1.61 15.00 -50.00 -10.00 0.00 -74.55 -10.57 0.00 -66.35 -18.66 -2.48 -0.00 -2.47 -0.00 -0.00
155 -50.00 -10.00 0.00 -64.95 -1.84 15.00 -50.00 -10.00 0.00 -74.45 -10.65 0.00 -65.59 -18.61 -2.18 -0.00 -2.18 -0.00 -0.00
156 -50.00 -10.00 0.00 -64.16 -2.06 15.00 -50.00 -10.00 0.00 -74.36 -10.74 0.00 -64.82 -18.57 -1.92 -0.00 -1.92 -0.00 -0.00
157 -50.00 -10.00 0.00 -63.27 -2.27 15.00 -50.00 -10.00 0.00 -74.27 -10.82 0.00 -64.02 -18.51 -1.69 -0.00 -1.69 -0.00 -0.00
158 -50.00 -10.00 0.00 -62.24 -2.47 15.00 -50.00 -10.00 0.00 -74.19 -10.90 0.00 -63.17 -18.46 -1.49 -0.00 -1.49 -0.00 -0.00
159 -50.00 -10.00 0.00 -61.00 -2.67 15.00 -50.00 -10.00 0.00 -74.10 -10.98 0.00 -62.25 -18.40 -1.31 -0.00 -1.30 -0.00 -0.00
160 -50.00 -10.00 0.00 -59.43 -2.85 15.00 -50.00 -10.00 0.00 -74.01 -11.06 0.00 -61.23 -18.34 -1.14 -0.00 -1.14 -0.00 -0.00
161 -50.00 -10.00 0.00 -57.31 -3.02 15.00 -50.00 -10.00 0.00 -73.93 -11.13 0.00 -60.05 -18.27 -1.00 -0.00 -1.00 -0.00 -0.00
162 -50.00 -10.00 0.00 -54.13 -3.18 15.00 -50.00 -10.00 0.00 -73.85 -11.20 0.00 -58.58 -18.20 -0.88 -0.00 -0.88 -0.00 -0.00
163 -50.00 -10.00 0.00 -48.48 -3.31 15.00 -50.00 -10.00 0.00 -73.77 -11.27 0.00 -56.63 -18.12 -0.77 -0.00 -0.77 -0.00 -0.00
164 -50.00 -10.00 0.00 -35.29 -3.39 15.00 -50.00 -10.00 0.00 -73.69 -11.34 0.00 -53.72 -18.03 -0.67 -0.00 -0.67 -0.00 -0.00
165 -50.00 -10.00 0.00 18.76 -3.24 15.00 -50.00 -10.00 0.00 -73.61 -11.41 0.00 -48.60 -17.91 -0.59 -0.00 -0.59 -0.00 -0.00
166 -50.00 -10.00 0.00 30.00 1.11 15.00 -50.00 -10.00 0.00 -73.53 -11.48 0.00 -36.85 -17.74 -0.51 -0.00 -0.51 -0.00 -0.00
167 -50.00 -10.00 0.00 -50.00 3.11 15.00 -50.00 -10.00 0.00 -73.46 -11.54 0.00 -0.83 -17.38 -5.61 -0.00 -5.61 -0.00 -0.00
168 -50.00 -10.00 0.00 -47.62 2.86 15.00 -50.00 -10.00 0.00 -73.38 -11.60 0.00 30.00 -14.92 -9.53 -0.00 -9.53 -0.00 -0.00
169 -50.00 -10.00 0.00 -41.33 2.63 15.00 -50.00 -10.00 0.00 -73.31 -11.66 0.00 -65.00 -8.92 -9.53 -0.00 -9.53 -0.00 -0.00
170 -50.00 -10.00 0.00 -20.37 2.50 15.00 -50.00 -10.00 0.00 -73.24 -11.72 0.00 -82.62 -9.15 -13.76 -0.00 -13.76 -0.00 -0.00
171 -50.00 -10.00 0.00 30.00 2.95 15.00 -50.00 -10.00 0.00 -73.17 -11.78 0.00 -85.76 -9.40 -14.61 -0.00 -14.61 -0.00 -0.00
172 -50.00 -10.00 0.00 -50.00 4.95 15.00 -50.00 -10.00 0.00 -73.10 -11.84 0.00 -80.43 -9.61 -5.61 -0.00 -5.61 -0.00 -0.00
173 -50.00 -10.00 0.00 -49.94 4.65 15.00 -50.00 -10.00 0.00 -73.03 -11.89 0.00 -82.50 -9.83 -9.53 -0.00 -9.53 -0.00 -0.00
174 -50.00 -10.00 0.00 -49.44 4.36 15.00 -50.00 -10.00 0.00 -72.97 -11.95 0.00 -84.00 -10.06 -12.15 -0.00 -12.15 -0.00 -0.00
175 -50.00 -10.00 0.00 -47.90 4.08 15.00 -50.00 -10.00 0.00 -72.90 -12.00 0.00 -84.82 -10.28 -13.76 -0.00 -13.76 -0.00 -0.00
176 -50.00 -10.00 0.00 -43.72 3.83 15.00 -50.00 -10.00 0.00 -72.84 -12.05 0.00 -85.18 -10.50 -14.61 -0.00 -14.61 -0.00 -0.00
177 -50.00 -10.00 0.00 -30.89 3.63 15.00 -50.00 -10.00 0.00 -72.78 -12.10 0.00 -85.22 -10.72 -14.89 -0.00 -14.89 -0.00 -0.00
178 -50.00 -10.00 0.00 30.00 3.69 15.00 -50.00 -10.00 0.00 -72.72 -12.15 0.00 -85.03 -10.93 -14.76 -0.00 -14.76 -0.00 -0.00
179 -50.00 -10.00 0.00 -50.00 5.69 15.00 -50.00 -10.00 0.00 -72.66 -12.20 0.00 -79.44 -11.11 -5.61 -0.00 -5.61 -0.00 -0.00
180 -50.00 -10.00 0.00 -50.85 5.37 15.00 -50.00 -10.00 0.00 -72.60 -12.25 0.00 -81.50 -11.29 -9.53 -0.00 -9.53 -0.00 -0.00
181 -50.00 -10.00 0.00 -52.32 5.05 15.00 -50.00 -10.00 0.00 -72.54 -12.29 0.00 -83.12 -11.48 -12.15 -0.00 -12.15 -0.00 -0.00
182 -50.00 -10.00 0.00 -54.89 4.73 15.00 -50.00 -10.00 0.00 -72.48 -12.33 0.00 -84.00 -11.67 -13.76 -0.00 -13.76 -0.00 -0.00
183 -50.00 -10.00 0.00 -59.05 4.40 15.00 -50.00 -10.00 0.00 -72.43 -12.38 0.00 -84.39 -11.86 -14.61 -0.00 -14.61 -0.00 -0.00
184 -50.00 -10.00 0.00 -64.45 4.05 15.00 -50.00 -10.00 0.00 -72.37 -12.42 0.00 -84.45 -12.05 -14.89 -0.00 -14.89 -0.00 -0.00
185 -50.00 -10.00 0.00 -69.27 3.70 15.00 -50.00 -10.00 0.00 -72.32 -12.46 0.00 -84.28 -12.23 -14.76 -0.00 -14.76 -0.00 -0.00
186 -50.00 -10.00 0.00 -71.91 3.33 15.00 -50.00 -10.00 0.00 -72.26 -12.50 0.00 -83.93 -12.40 -14.33 -0.00 -14.33 -0.00 -0.00
187 -50.00 -10.00 0.00 -72.75 2.98 15.00 -50.00 -10.00 0.00 -72.21 -12.54 0.00 -83.45 -12.57 -13.70 -0.00 -13.70 -0.00 -0.00
188 -50.00 -10.00 0.00 -72.77 2.63 15.00 -50.00 -10.00 0.00 -72.16 -12.58 0.00 -82.89 -12.73 -12.93 -0.00 -12.93 -0.00 -0.00
189 -50.00 -10.00 0.00 -72.50 2.28 15.00 -50.00 -10.00 0.00 -72.11 -12.61 0.00 -82.27 -12.89 -12.08 -0.00 -12.08 -0.00 -0.00
190 -50.00 -10.00 0.00 -72.13 1.95 15.00 -50.00 -10.00 0.00 -72.06 -12.65 0.00 -81.61 -13.04 -11.20 -0.00 -11.20 -0.00 -0.00
191 -50.00 -10.00 0.00 -71.72 1.62 15.00 -50.00 -10.00 0.00 -72.02 -12.69 0.00 -80.93 -13.18 -10.30 -0.00 -10.30 -0.00 -0.00
192 -50.00 -10.00 0.00 -71.29 1.31 15.00 -50.00 -10.00 0.00 -71.97 -12.72 0.00 -80.23 -13.32 -9.43 -0.00 -9.43 -0.00 -0.00
193 -50.00 -10.00 0.00 -70.85 1.00 15.00 -50.00 -10.00 0.00 -71.92 -12.75 0.00 -79.54 -13.45 -8.58 -0.00 -8.58 -0.00 -0.00
194 -50.00 -10.00 0.00 -70.40 0.70 15.00 -50.00 -10.00 0.00 -71.88 -12.79 0.00 -78.85 -13.58 -7.77 -0.00 -7.77 -0.00 -0.00
195 -50.00 -10.00 0.00 -69.93 0.40 15.00 -50.00 -10.00 0.00 -71.84 -12.82 0.00 -78.17 -13.70 -7.02 -0.00 -7.02 -0.00 -0.00
196 -50.00 -10.00 0.00 -69.46 0.12 15.00 -50.00 -10.00 0.00 -71.79 -12.85 0.00 -77.51 -13.81 -6.31 -0.00 -6.31 -0.00 -0.00
197 -50.00 -10.00 0.00 -68.96 -0.16 15.00 -50.00 -10.00 0.00 -71.75 -12.88 0.00 -76.87 -13.92 -5.66 -0.00 -5.66 -0.00 -0.00
198 -50.00 -10.00 0.00 -68.45 -0.43 15.00 -50.00 -10.00 0.00 -71.71 -12.91 0.00 -76.25 -14.02 -5.06 -0.00 -5.06 -0.00 -0.00
199 -50.00 -10.00 0.00 -67.92 -0.70 15.00 -50.00 -10.00 0.00 -71.67 -12.94 0.00 -75.65 -14.12 -4.51 -0.00 -4.51 -0.00 -0.00
200 -50.00 -10.00 0.00 -67.37 -0.95 15.00 -50.00 -10.00 0.00 -71.63 -12.96 0.00 -75.08 -14.21 -4.02 -0.00 -4.02 -0.00 -0.00
201 -30.12 -9.92 15.00 -79.29 -1.25 0.00 -50.00 -10.00 0.00 -71.59 -12.99 0.00 -74.54 -14.30 -3.57 -0.00 -3.57 -0.00 -0.00
202 30.00 -9.46 15.00 -81.69 -1.55 0.00 -50.00 -10.00 0.00 -71.55 -13.02 0.00 -74.02 -14.39 -3.16 -0.00 -3.16 -0.00 -0.00
203 -50.00 -7.46 15.00 -81.67 -1.85 0.00 -50.00 -10.00 0.00 -71.52 -13.04 0.00 -77.35 -14.48 -7.91 -5.11 -2.80 -0.00 -0.00
204 -33.65 -7.44 15.00 -81.49 -2.14 0.00 -50.00 -10.00 0.00 -71.48 -13.07 0.00 -80.19 -14.60 -11.21 -8.74 -2.47 -0.00 -0.00
205 30.00 -7.15 15.00 -81.30 -2.42 0.00 -50.00 -10.00 0.00 -71.44 -13.09 0.00 -81.80 -14.71 -13.40 -11.22 -2.18 -0.00 -0.00
206 -50.00 -5.15 15.00 -81.11 -2.69 0.00 -50.00 -10.00 0.00 -71.41 -13.12 0.00 -77.71 -14.81 -7.03 -5.11 -1.92 -0.00 -0.00
207 -36.80 -5.19 15.00 -80.92 -2.96 0.00 -50.00 -10.00 0.00 -71.38 -13.14 0.00 -79.50 -14.91 -10.43 -8.74 -1.69 -0.00 -0.00
208 13.78 -5.03 15.00 -80.74 -3.23 0.00 -50.00 -10.00 0.00 -71.34 -13.16 0.00 -81.11 -15.02 -12.70 -11.22 -1.49 -0.00 -0.00
209 30.00 -1.37 15.00 -80.56 -3.49 0.00 -50.00 -10.00 0.00 -71.31 -13.18 0.00 -82.03 -15.13 -14.10 -12.80 -1.30 -0.00 -0.00
210 -50.00 0.63 15.00 -80.38 -3.74 0.00 -50.00 -10.00 0.00 -71.28 -13.20 0.00 -76.92 -15.21 -6.25 -5.11 -1.14 -0.00 -0.00
211 -44.44 0.44 15.00 -80.20 -3.98 0.00 -50.00 -10.00 0.00 -71.25 -13.23 0.00 -78.64 -15.30 -9.74 -8.74 -1.00 -0.00 -0.00
212 -28.35 0.32 15.00 -80.03 -4.22 0.00 -50.00 -10.00 0.00 -71.22 -13.25 0.00 -80.39 -15.39 -12.09 -11.22 -0.88 -0.00 -0.00
213 30.00 0.54 15.00 -79.86 -4.46 0.00 -50.00 -10.00 0.00 -71.19 -13.27 0.00 -81.42 -15.49 -13.56 -12.80 -0.77 -0.00 -0.00
214 -50.00 2.54 15.00 -79.69 -4.69 0.00 -50.00 -10.00 0.00 -71.16 -13.29 0.00 -76.28 -15.56 -5.78 -5.11 -0.67 -0.00 -0.00
215 -46.90 2.30 15.00 -79.52 -4.91 0.00 -50.00 -10.00 0.00 -71.13 -13.30 0.00 -78.00 -15.64 -9.33 -8.74 -0.59 -0.00 -0.00
216 -38.60 2.10 15.00 -79.35 -5.13 0.00 -50.00 -10.00 0.00 -71.10 -13.32 0.00 -79.84 -15.73 -11.73 -11.22 -0.51 -0.00 -0.00
217 -7.87 2.03 15.00 -79.19 -5.35 0.00 -50.00 -10.00 0.00 -71.08 -13.34 0.00 -80.96 -15.82 -13.24 -12.80 -0.45 -0.00 -0.00
218 30.00 3.20 15.00 -79.03 -5.56 0.00 -50.00 -10.00 0.00 -71.05 -13.36 0.00 -81.51 -15.91 -14.07 -13.68 -0.39 -0.00 -0.00
219 -50.00 5.20 15.00 -78.87 -5.76 0.00 -50.00 -10.00 0.00 -71.02 -13.37 0.00 -75.76 -15.97 -5.45 -5.11 -0.34 -0.00 -0.00
220 -50.25 4.89 15.00 -78.72 -5.96 0.00 -50.00 -10.00 0.00 -71.00 -13.39 0.00 -77.41 -16.04 -9.03 -8.74 -0.29 -0.00 -0.00
221 -50.43 4.60 15.00 -78.56 -6.15 0.00 -50.00 -10.00 0.00 -70.97 -13.41 0.00 -79.33 -16.11 -11.47 -11.22 -0.26 -0.00 -0.00
222 -50.44 4.30 15.00 -78.41 -6.34 0.00 -50.00 -10.00 0.00 -70.95 -13.42 0.00 -80.52 -16.19 -13.02 -12.80 -0.22 -0.00 -0.00
223 -50.12 4.02 15.00 -78.26 -6.53 0.00 -50.00 -10.00 0.00 -70.93 -13.44 0.00 -81.12 -16.28 -13.88 -13.68 -0.19 -0.00 -0.00
224 -49.03 3.74 15.00 -78.11 -6.71 0.00 -50.00 -10.00 0.00 -70.90 -13.45 0.00 -81.32 -16.36 -14.22 -14.05 -0.17 -0.00 -0.00
225 -46.12 3.48 15.00 -77.97 -6.89 0.00 -50.00 -10.00 0.00 -70.88 -13.47 0.00 -81.25 -16.44 -14.17 -14.02 -0.15 -0.00 -0.00
226 -37.98 3.26 15.00 -77.82 -7.06 0.00 -50.00 -10.00 0.00 -70.86 -13.48 0.00 -80.99 -16.51 -13.84 -13.71 -0.13 -0.00 -0.00
227 -6.96 3.16 15.00 -77.68 -7.23 0.00 -50.00 -10.00 0.00 -70.84 -13.50 0.00 -80.59 -16.59 -13.31 -13.20 -0.11 -0.00 -0.00
228 30.00 4.36 15.00 -77.54 -7.40 0.00 -50.00 -10.00 0.00 -70.82 -13.51 0.00 -80.09 -16.65 -12.64 -12.55 -0.09 -0.00 -0.00
229 -50.00 6.36 15.00 -77.40 -7.56 0.00 -50.00 -10.00 0.00 -70.80 -13.52 0.00 -74.88 -16.70 -5.19 -5.11 -0.08 -0.00 -0.00
230 -51.69 6.03 15.00 -77.27 -7.72 0.00 -50.00 -10.00 0.00 -70.78 -13.53 0.00 -76.54 -16.74 -8.81 -8.74 -0.07 -0.00 -0.00
231 -54.83 5.69 15.00 -77.13 -7.87 0.00 -50.00 -10.00 0.00 -70.76 -13.55 0.00 -78.58 -16.80 -11.28 -11.22 -0.06 -0.00 -0.00
232 -60.01 5.33 15.00 -77.00 -8.02 0.00 -50.00 -10.00 0.00 -70.74 -13.56 0.00 -79.89 -16.87 -12.85 -12.80 -0.05 -0.00 -0.00
233 -66.46 4.96 15.00 -76.87 -8.17 0.00 -50.00 -10.00 0.00 -70.72 -13.57 0.00 -80.55 -16.93 -13.73 -13.68 -0.05 -0.00 -0.00
234 -71.44 4.58 15.00 -76.74 -8.31 0.00 -50.00 -10.00 0.00 -70.70 -13.58 0.00 -80.79 -17.00 -14.09 -14.05 -0.04 -0.00 -0.00
235 -73.57 4.19 15.00 -76.62 -8.45 0.00 -50.00 -10.00 0.00 -70.68 -13.59 0.00 -80.75 -17.06 -14.06 -14.02 -0.03 -0.00 -0.00
236 -73.99 3.81 15.00 -76.49 -8.59 0.00 -50.00 -10.00 0.00 -70.66 -13.60 0.00 -80.50 -17.12 -13.74 -13.71 -0.03 -0.00 -0.00
237 -73.82 3.44 15.00 -76.37 -8.72 0.00 -50.00 -10.00 0.00 -70.65 -13.61 0.00 -80.11 -17.18 -13.23 -13.20 -0.03 -0.00 -0.00
238 -73.48 3.08 15.00 -76.25 -8.85 0.00 -50.00 -10.00 0.00 -70.63 -13.62 0.00 -79.61 -17.23 -12.57 -12.55 -0.02 -0.00 -0.00
239 -73.09 2.72 15.00 -76.13 -8.98 0.00 -50.00 -10.00 0.00 -70.62 -13.63 0.00 -79.04 -17.28 -11.83 -11.81 -0.02 -0.00 -0.00
240 -72.68 2.38 15.00 -76.01 -9.11 0.00 -50.00 -10.00 0.00 -70.60 -13.64 0.00 -78.41 -17.33 -11.04 -11.02 -0.02 -0.00 -0.00
241 -72.27 2.04 15.00 -75.89 -9.23 0.00 -50.00 -10.00 0.00 -70.58 -13.65 0.00 -77.74 -17.37 -10.23 -10.22 -0.01 -0.00 -0.00
242 -71.84 1.71 15.00 -75.78 -9.35 0.00 -50.00 -10.00 0.00 -70.57 -13.66 0.00 -77.05 -17.41 -9.43 -9.41 -0.01 -0.00 -0.00
243 -71.41 1.39 15.00 -75.67 -9.46 0.00 -50.00 -10.00 0.00 -70.55 -13.67 0.00 -76.34 -17.44 -8.64 -8.63 -0.01 -0.00 -0.00
244 -70.97 1.08 15.00 -75.56 -9.58 0.00 -50.00 -10.00 0.00 -70.54 -13.68 0.00 -75.63 -17.47 -7.88 -7.88 -0.01 -0.00 -0.00
245 -70.52 0.78 15.00 -75.45 -9.69 0.00 -50.00 -10.00 0.00 -70.53 -13.69 0.00 -74.92 -17.50 -7.17 -7.16 -0.01 -0.00 -0.00
246 -70.06 0.48 15.00 -75.34 -9.79 0.00 -50.00 -10.00 0.00 -70.51 -13.70 0.00 -74.22 -17.52 -6.49 -6.49 -0.01 -0.00 -0.00
247 -69.59 0.19 15.00 -75.24 -9.90 0.00 -50.00 -10.00 0.00 -70.50 -13.71 0.00 -73.53 -17.54 -5.86 -5.86 -0.01 -0.00 -0.00
248 -69.10 -0.09 15.00 -75.13 -10.00 0.00 -50.00 -10.00 0.00 -70.49 -13.71 0.00 -72.84 -17.55 -5.28 -5.27 -0.01 -0.00 -0.00
249 -68.60 -0.36 15.00 -75.03 -10.10 0.00 -50.00 -10.00 0.00 -70.47 -13.72 0.00 -72.18 -17.56 -4.74 -4.74 -0.00 -0.00 -0.00
250 -68.07 -0.62 15.00 -74.93 -10.20 0.00 -50.00 -10.00 0.00 -70.46 -13.73 0.00 -71.52 -17.57 -4.25 -4.25 -0.00 -0.00 -0.00
251 -67.52 -0.88 15.00 -74.83 -10.29 0.00 -50.00 -10.00 0.00 -70.45 -13.74 0.00 -70.89 -17.57 -3.80 -3.80 -0.00 -0.00 -0.00
252 -66.94 -1.13 15.00 -74.74 -10.39 0.00 -50.00 -10.00 0.00 -70.44 -13.74 0.00 -70.27 -17.57 -3.39 -3.39 -0.00 -0.00 -0.00
253 -66.33 -1.38 15.00 -74.64 -10.48 0.00 -50.00 -10.00 0.00 -70.43 -13.75 0.00 -69.67 -17.57 -3.03 -3.02 -0.00 -0.00 -0.00
254 -65.67 -1.61 15.00 -74.55 -10.57 0.00 -50.00 -10.00 0.00 -70.42 -13.76 0.00 -69.08 -17.56 -2.69 -2.69 -0.00 -0.00 -0.00
255 -64.95 -1.84 15.00 -74.45 -10.65 0.00 -50.00 -10.00 0.00 -70.41 -13.76 0.00 -68.51 -17.55 -2.39 -2.39 -0.00 -0.00 -0.00
256 -64.16 -2.06 15.00 -74.36 -10.74 0.00 -50.00 -10.00 0.00 -70.40 -13.77 0.00 -67.96 -17.54 -2.12 -2.12 -0.00 -0.00 -0.00
257 -63.27 -2.27 15.00 -74.27 -10.82 0.00 -50.00 -10.00 0.00 -70.38 -13.77 0.00 -67.42 -17.53 -1.88 -1.88 -0.00 -0.00 -0.00
258 -62.24 -2.47 15.00 -74.19 -10.90 0.00 -50.00 -10.00 0.00 -70.37 -13.78 0.00 -66.89 -17.51 -1.66 -1.66 -0.00 -0.00 -0.00
259 -61.00 -2.67 15.00 -74.10 -10.98 0.00 -50.00 -10.00 0.00 -70.37 -13.79 0.00 -66.38 -17.49 -1.47 -1.47 -0.00 -0.00 -0.00
260 -59.43 -2.85 15.00 -74.01 -11.06 0.00 -50.00 -10.00 0.00 -70.36 -13.79 0.00 -65.88 -17.47 -1.30 -1.30 -0.00 -0.00 -0.00
261 -57.31 -3.02 15.00 -73.93 -11.13 0.00 -50.00 -10.00 0.00 -70.35 -13.80 0.00 -65.38 -17.45 -1.15 -1.15 -0.00 -0.00 -0.00
262 -54.13 -3.18 15.00 -73.85 -11.20 0.00 -50.00 -10.00 0.00 -70.34 -13.80 0.00 -64.89 -17.43 -1.01 -1.01 -0.00 -0.00 -0.00
263 -48.48 -3.31 15.00 -73.77 -11.27 0.00 -50.00 -10.00 0.00 -70.33 -13.81 0.00 -64.40 -17.40 -0.89 -0.89 -0.00 -0.00 -0.00
264 -35.29 -3.39 15.00 -73.69 -11.34 0.00 -50.00 -10.00 0.00 -70.32 -13.81 0.00 -63.91 -17.37 -0.78 -0.78 -0.00 -0.00 -0.00
265 18.76 -3.24 15.00 -73.61 -11.41 0.00 -50.00 -10.00 0.00 -70.31 -13.82 0.00 -63.41 -17.34 -0.69 -0.69 -0.00 -0.00 -0.00
266 30.00 1.11 15.00 -73.53 -11.48 0.00 -50.00 -10.00 0.00 -70.30 -13.82 0.00 -62.90 -17.31 -0.61 -0.60 -0.00 -0.00 -0.00
267 -50.00 3.11 15.00 -73.46 -11.54 0.00 -50.00 -10.00 0.00 -70.30 -13.83 0.00 -66.83 -17.30 -5.11 -5.11 -0.00 -0.00 -0.00
268 -47.62 2.86 15.00 -73.38 -11.60 0.00 -50.00 -10.00 0.00 -70.29 -13.83 0.00 -72.93 -17.31 -8.74 -8.74 -0.00 -0.00 -0.00
269 -41.33 2.63 15.00 -73.31 -11.66 0.00 -50.00 -10.00 0.00 -70.28 -13.84 0.00 -77.35 -17.35 -11.22 -11.22 -0.00 -0.00 -0.00
270 -20.37 2.50 15.00 -73.24 -11.72 0.00 -50.00 -10.00 0.00 -70.27 -13.84 0.00 -79.33 -17.40 -12.80 -12.80 -0.00 -0.00 -0.00
271 30.00 2.95 15.00 -73.17 -11.78 0.00 -50.00 -10.00 0.00 -70.27 -13.85 0.00 -80.12 -17.46 -13.68 -13.68 -0.00 -0.00 -0.00
272 -50.00 4.95 15.00 -73.10 -11.84 0.00 -50.00 -10.00 0.00 -70.26 -13.85 0.00 -74.24 -17.48 -5.11 -5.11 -0.00 -0.00 -0.00
273 -49.94 4.65 15.00 -73.03 -11.89 0.00 -50.00 -10.00 0.00 -70.25 -13.85 0.00 -75.75 -17.51 -8.74 -8.74 -0.00 -0.00 -0.00
274 -49.44 4.36 15.00 -72.97 -11.95 0.00 -50.00 -10.00 0.00 -70.25 -13.86 0.00 -77.86 -17.55 -11.22 -11.22 -0.00 -0.00 -0.00
275 -47.90 4.08 15.00 -72.90 -12.00 0.00 -50.00 -10.00 0.00 -70.24 -13.86 0.00 -79.27 -17.59 -12.80 -12.80 -0.00 -0.00 -0.00
276 -43.72 3.83 15.00 -72.84 -12.05 0.00 -50.00 -10.00 0.00 -70.23 -13.87 0.00 -79.99 -17.64 -13.68 -13.68 -0.00 -0.00 -0.00
277 -30.89 3.63 15.00 -72.78 -12.10 0.00 -50.00 -10.00 0.00 -70.23 -13.87 0.00 -80.26 -17.69 -14.05 -14.05 -0.00 -0.00 -0.00
278 30.00 3.69 15.00 -72.72 -12.15 0.00 -50.00 -10.00 0.00 -70.22 -13.87 0.00 -80.24 -17.74 -14.02 -14.02 -0.00 -0.00 -0.00
279 -50.00 5.69 15.00 -72.66 -12.20 0.00 -50.00 -10.00 0.00 -70.21 -13.88 0.00 -74.05 -17.75 -5.11 -5.11 -0.00 -0.00 -0.00
280 -50.85 5.37 15.00 -72.60 -12.25 0.00 -50.00 -10.00 0.00 -70.21 -13.88 0.00 -75.49 -17.77 -8.74 -8.74 -0.00 -0.00 -0.00
281 -52.32 5.05 15.00 -72.54 -12.29 0.00 -50.00 -10.00 0.00 -70.20 -13.88 0.00 -77.63 -17.81 -11.22 -11.22 -0.00 -0.00 -0.00
282 -54.89 4.73 15.00 -72.48 -12.33 0.00 -50.00 -10.00 0.00 -70.20 -13.89 0.00 -79.06 -17.85 -12.80 -12.80 -0.00 -0.00 -0.00
283 -59.05 4.40 15.00 -72.43 -12.38 0.00 -50.00 -10.00 0.00 -70.19 -13.89 0.00 -79.80 -17.89 -13.68 -13.68 -0.00 -0.00 -0.00
284 -64.45 4.05 15.00 -72.37 -12.42 0.00 -50.00 -10.00 0.00 -70.19 -13.89 0.00 -80.09 -17.93 -14.05 -14.05 -0.00 -0.00 -0.00
285 -69.27 3.70 15.00 -72.32 -12.46 0.00 -50.00 -10.00 0.00 -70.18 -13.89 0.00 -80.07 -17.97 -14.02 -14.02 -0.00 -0.00 -0.00
286 -71.91 3.33 15.00 -72.26 -12.50 0.00 -50.00 -10.00 0.00 -70.18 -13.90 0.00 -79.84 -18.01 -13.71 -13.71 -0.00 -0.00 -0.00
287 -72.75 2.98 15.00 -72.21 -12.54 0.00 -50.00 -10.00 0.00 -70.17 -13.90 0.00 -79.45 -18.05 -13.20 -13.20 -0.00 -0.00 -0.00
288 -72.77 2.63 15.00 -72.16 -12.58 0.00 -50.00 -10.00 0.00 -70.17 -13.90 0.00 -78.96 -18.08 -12.55 -12.55 -0.00 -0.00 -0.00
289 -72.50 2.28 15.00 -72.11 -12.61 0.00 -50.00 -10.00 0.00 -70.16 -13.91 0.00 -78.38 -18.11 -11.81 -11.81 -0.00 -0.00 -0.00
290 -72.13 1.95 15.00 -72.06 -12.65 0.00 -50.00 -10.00 0.00 -70.16 -13.91 0.00 -77.74 -18.14 -11.02 -11.02 -0.00 -0.00 -0.00
291 -71.72 1.62 15.00 -72.02 -12.69 0.00 -50.00 -10.00 0.00 -70.16 -13.91 0.00 -77.07 -18.16 -10.22 -10.22 -0.00 -0.00 -0.00
292 -71.29 1.31 15.00 -71.97 -12.72 0.00 -50.00 -10.00 0.00 -70.15 -13.91 0.00 -76.36 -18.18 -9.41 -9.41 -0.00 -0.00 -0.00
293 -70.85 1.00 15.00 -71.92 -12.75 0.00 -50.00 -10.00 0.00 -70.15 -13.92 0.00 -75.64 -18.20 -8.63 -8.63 -0.00 -0.00 -0.00
294 -70.40 0.70 15.00 -71.88 -12.79 0.00 -50.00 -10.00 0.00 -70.14 -13.92 0.00 -74.92 -18.21 -7.88 -7.88 -0.00 -0.00 -0.00
295 -69.93 0.40 15.00 -71.84 -12.82 0.00 -50.00 -10.00 0.00 -70.14 -13.92 0.00 -74.19 -18.21 -7.16 -7.16 -0.00 -0.00 -0.00
296 -69.46 0.12 15.00 -71.79 -12.85 0.00 -50.00 -10.00 0.00 -70.14 -13.92 0.00 -73.46 -18.22 -6.49 -6.49 -0.00 -0.00 -0.00
297 -68.96 -0.16 15.00 -71.75 -12.88 0.00 -50.00 -10.00 0.00 -70.13 -13.92 0.00 -72.74 -18.22 -5.86 -5.86 -0.00 -0.00 -0.00
298 -68.45 -0.43 15.00 -71.71 -12.91 0.00 -50.00 -10.00 0.00 -70.13 -13.93 0.00 -72.03 -18.21 -5.27 -5.27 -0.00 -0.00 -0.00
299 -67.92 -0.70 15.00 -71.67 -12.94 0.00 -50.00 -10.00 0.00 -70.13 -13.93 0.00 -71.34 -18.20 -4.74 -4.74 -0.00 -0.00 -0.00
300 -67.37 -0.95 15.00 -71.63 -12.96 0.00 -50.00 -10.00 0.00 -70.12 -13.93 0.00 -70.65 -18.19 -4.25 -4.25 -0.00 -0.00 -0.00