1 -50.00 -10.00 0.00 -50.00 -10.00 0.00 -50.00 -10.00 0.00 -30.12 -9.92 15.00 -64.76 -16.25 0.00 -0.00 -0.00 -0.00 -0.00
2 -50.00 -10.00 0.00 -50.00 -10.00 0.00 -50.00 -10.00 0.00 30.00 -9.46 15.00 -64.57 -16.25 0.00 -0.00 -0.00 -0.00 -0.00
3 -50.00 -10.00 0.00 -50.00 -10.00 0.00 -50.00 -10.00 0.00 -50.00 -7.46 15.00 -69.64 -16.27 -5.61 -0.00 -0.00 -0.00 -5.61
4 -50.00 -10.00 0.00 -50.00 -10.00 0.00 -50.00 -10.00 0.00 -33.65 -7.44 15.00 -75.76 -16.32 -9.53 -0.00 -0.00 -0.00 -9.53
5 -50.00 -10.00 0.00 -50.00 -10.00 0.00 -50.00 -10.00 0.00 30.00 -7.15 15.00 -79.34 -16.39 -12.14 -0.00 -0.00 -0.00 -12.14
6 -50.00 -10.00 0.00 -50.00 -10.00 0.00 -50.00 -10.00 0.00 -50.00 -5.15 15.00 -75.27 -16.44 -5.61 -0.00 -0.00 -0.00 -5.61
7 -50.00 -10.00 0.00 -50.00 -10.00 0.00 -50.00 -10.00 0.00 -36.80 -5.19 15.00 -77.33 -16.50 -9.53 -0.00 -0.00 -0.00 -9.53
8 -50.00 -10.00 0.00 -50.00 -10.00 0.00 -50.00 -10.00 0.00 13.78 -5.03 15.00 -79.46 -16.57 -12.14 -0.00 -0.00 -0.00 -12.14
9 -50.00 -10.00 0.00 -50.00 -10.00 0.00 -50.00 -10.00 0.00 30.00 -1.37 15.00 -80.72 -16.64 -13.76 -0.00 -0.00 -0.00 -13.76
10 -50.00 -10.00 0.00 -50.00 -10.00 0.00 -50.00 -10.00 0.00 -50.00 0.63 15.00 -75.27 -16.68 -5.61 -0.00 -0.00 -0.00 -5.61
11 -50.00 -10.00 0.00 -50.00 -10.00 0.00 -50.00 -10.00 0.00 -44.44 0.44 15.00 -77.15 -16.74 -9.53 -0.00 -0.00 -0.00 -9.53
12 -50.00 -10.00 0.00 -50.00 -10.00 0.00 -50.00 -10.00 0.00 -28.35 0.32 15.00 -79.28 -16.80 -12.14 -0.00 -0.00 -0.00 -12.14
13 -50.00 -10.00 0.00 -50.00 -10.00 0.00 -50.00 -10.00 0.00 30.00 0.54 15.00 -80.55 -16.86 -13.76 -0.00 -0.00 -0.00 -13.76
14 -50.00 -10.00 0.00 -50.00 -10.00 0.00 -50.00 -10.00 0.00 -50.00 2.54 15.00 -75.09 -16.90 -5.61 -0.00 -0.00 -0.00 -5.61
15 -50.00 -10.00 0.00 -50.00 -10.00 0.00 -50.00 -10.00 0.00 -46.90 2.30 15.00 -76.96 -16.95 -9.53 -0.00 -0.00 -0.00 -9.53
16 -50.00 -10.00 0.00 -50.00 -10.00 0.00 -50.00 -10.00 0.00 -38.60 2.10 15.00 -79.10 -17.01 -12.14 -0.00 -0.00 -0.00 -12.14
17 -50.00 -10.00 0.00 -50.00 -10.00 0.00 -50.00 -10.00 0.00 -7.87 2.03 15.00 -80.40 -17.07 -13.76 -0.00 -0.00 -0.00 -13.76
18 -50.00 -10.00 0.00 -50.00 -10.00 0.00 -50.00 -10.00 0.00 30.00 3.20 15.00 -81.02 -17.13 -14.61 -0.00 -0.00 -0.00 -14.61
19 -50.00 -10.00 0.00 -50.00 -10.00 0.00 -50.00 -10.00 0.00 -50.00 5.20 15.00 -74.96 -17.16 -5.61 -0.00 -0.00 -0.00 -5.61
20 -50.00 -10.00 0.00 -50.00 -10.00 0.00 -50.00 -10.00 0.00 -50.25 4.89 15.00 -76.74 -17.20 -9.53 -0.00 -0.00 -0.00 -9.53
21 -50.00 -10.00 0.00 -50.00 -10.00 0.00 -50.00 -10.00 0.00 -50.43 4.60 15.00 -78.89 -17.25 -12.14 -0.00 -0.00 -0.00 -12.14
22 -50.00 -10.00 0.00 -50.00 -10.00 0.00 -50.00 -10.00 0.00 -50.44 4.30 15.00 -80.22 -17.31 -13.76 -0.00 -0.00 -0.00 -13.76
23 -50.00 -10.00 0.00 -50.00 -10.00 0.00 -50.00 -10.00 0.00 -50.12 4.02 15.00 -80.85 -17.37 -14.61 -0.00 -0.00 -0.00 -14.61
24 -50.00 -10.00 0.00 -50.00 -10.00 0.00 -50.00 -10.00 0.00 -49.03 3.74 15.00 -81.04 -17.43 -14.89 -0.00 -0.00 -0.00 -14.89
25 -50.00 -10.00 0.00 -50.00 -10.00 0.00 -50.00 -10.00 0.00 -46.12 3.48 15.00 -80.93 -17.48 -14.76 -0.00 -0.00 -0.00 -14.76
26 -50.00 -10.00 0.00 -50.00 -10.00 0.00 -50.00 -10.00 0.00 -37.98 3.26 15.00 -80.62 -17.54 -14.33 -0.00 -0.00 -0.00 -14.33
27 -50.00 -10.00 0.00 -50.00 -10.00 0.00 -50.00 -10.00 0.00 -6.96 3.16 15.00 -80.15 -17.59 -13.69 -0.00 -0.00 -0.00 -13.69
28 -50.00 -10.00 0.00 -50.00 -10.00 0.00 -50.00 -10.00 0.00 30.00 4.36 15.00 -79.58 -17.63 -12.92 -0.00 -0.00 -0.00 -12.92
29 -50.00 -10.00 0.00 -50.00 -10.00 0.00 -50.00 -10.00 0.00 -50.00 6.36 15.00 -74.40 -17.65 -5.61 -0.00 -0.00 -0.00 -5.61
30 -50.00 -10.00 0.00 -50.00 -10.00 0.00 -50.00 -10.00 0.00 -51.69 6.03 15.00 -76.25 -17.68 -9.53 -0.00 -0.00 -0.00 -9.53
31 -50.00 -10.00 0.00 -50.00 -10.00 0.00 -50.00 -10.00 0.00 -54.83 5.69 15.00 -78.49 -17.72 -12.14 -0.00 -0.00 -0.00 -12.14
32 -50.00 -10.00 0.00 -50.00 -10.00 0.00 -50.00 -10.00 0.00 -60.01 5.33 15.00 -79.87 -17.76 -13.76 -0.00 -0.00 -0.00 -13.76
33 -50.00 -10.00 0.00 -50.00 -10.00 0.00 -50.00 -10.00 0.00 -66.46 4.96 15.00 -80.53 -17.81 -14.61 -0.00 -0.00 -0.00 -14.61
34 -50.00 -10.00 0.00 -50.00 -10.00 0.00 -50.00 -10.00 0.00 -71.44 4.58 15.00 -80.74 -17.86 -14.89 -0.00 -0.00 -0.00 -14.89
35 -50.00 -10.00 0.00 -50.00 -10.00 0.00 -50.00 -10.00 0.00 -73.57 4.19 15.00 -80.64 -17.90 -14.76 -0.00 -0.00 -0.00 -14.76
36 -50.00 -10.00 0.00 -50.00 -10.00 0.00 -50.00 -10.00 0.00 -73.99 3.81 15.00 -80.33 -17.95 -14.33 -0.00 -0.00 -0.00 -14.33
37 -50.00 -10.00 0.00 -50.00 -10.00 0.00 -50.00 -10.00 0.00 -73.82 3.44 15.00 -79.86 -17.99 -13.69 -0.00 -0.00 -0.00 -13.69
38 -50.00 -10.00 0.00 -50.00 -10.00 0.00 -50.00 -10.00 0.00 -73.48 3.08 15.00 -79.29 -18.02 -12.92 -0.00 -0.00 -0.00 -12.92
39 -50.00 -10.00 0.00 -50.00 -10.00 0.00 -50.00 -10.00 0.00 -73.09 2.72 15.00 -78.64 -18.06 -12.08 -0.00 -0.00 -0.00 -12.08
40 -50.00 -10.00 0.00 -50.00 -10.00 0.00 -50.00 -10.00 0.00 -72.68 2.38 15.00 -77.93 -18.09 -11.19 -0.00 -0.00 -0.00 -11.19
41 -50.00 -10.00 0.00 -50.00 -10.00 0.00 -50.00 -10.00 0.00 -72.27 2.04 15.00 -77.19 -18.11 -10.30 -0.00 -0.00 -0.00 -10.30
42 -50.00 -10.00 0.00 -50.00 -10.00 0.00 -50.00 -10.00 0.00 -71.84 1.71 15.00 -76.43 -18.13 -9.42 -0.00 -0.00 -0.00 -9.42
43 -50.00 -10.00 0.00 -50.00 -10.00 0.00 -50.00 -10.00 0.00 -71.41 1.39 15.00 -75.65 -18.15 -8.57 -0.00 -0.00 -0.00 -8.57
44 -50.00 -10.00 0.00 -50.00 -10.00 0.00 -50.00 -10.00 0.00 -70.97 1.08 15.00 -74.88 -18.16 -7.77 -0.00 -0.00 -0.00 -7.77
45 -50.00 -10.00 0.00 -50.00 -10.00 0.00 -50.00 -10.00 0.00 -70.52 0.78 15.00 -74.10 -18.16 -7.01 -0.00 -0.00 -0.00 -7.01
46 -50.00 -10.00 0.00 -50.00 -10.00 0.00 -50.00 -10.00 0.00 -70.06 0.48 15.00 -73.34 -18.17 -6.31 -0.00 -0.00 -0.00 -6.31
47 -50.00 -10.00 0.00 -50.00 -10.00 0.00 -50.00 -10.00 0.00 -69.59 0.19 15.00 -72.58 -18.17 -5.66 -0.00 -0.00 -0.00 -5.66
48 -50.00 -10.00 0.00 -50.00 -10.00 0.00 -50.00 -10.00 0.00 -69.10 -0.09 15.00 -71.84 -18.16 -5.06 -0.00 -0.00 -0.00 -5.06
49 -50.00 -10.00 0.00 -50.00 -10.00 0.00 -50.00 -10.00 0.00 -68.60 -0.36 15.00 -71.11 -18.16 -4.51 -0.00 -0.00 -0.00 -4.51
50 -50.00 -10.00 0.00 -50.00 -10.00 0.00 -50.00 -10.00 0.00 -68.07 -0.62 15.00 -70.40 -18.14 -4.01 -0.00 -0.00 -0.00 -4.01
51 -50.00 -10.00 0.00 -50.00 -10.00 0.00 -50.00 -10.00 0.00 -67.52 -0.88 15.00 -69.70 -18.13 -3.57 -0.00 -0.00 -0.00 -3.57
52 -50.00 -10.00 0.00 -50.00 -10.00 0.00 -50.00 -10.00 0.00 -66.94 -1.13 15.00 -69.02 -18.11 -3.16 -0.00 -0.00 -0.00 -3.16
53 -50.00 -10.00 0.00 -50.00 -10.00 0.00 -50.00 -10.00 0.00 -66.33 -1.38 15.00 -68.35 -18.09 -2.80 -0.00 -0.00 -0.00 -2.80
54 -50.00 -10.00 0.00 -50.00 -10.00 0.00 -50.00 -10.00 0.00 -65.67 -1.61 15.00 -67.69 -18.07 -2.47 -0.00 -0.00 -0.00 -2.47
55 -50.00 -10.00 0.00 -50.00 -10.00 0.00 -50.00 -10.00 0.00 -64.95 -1.84 15.00 -67.05 -18.04 -2.18 -0.00 -0.00 -0.00 -2.18
56 -50.00 -10.00 0.00 -50.00 -10.00 0.00 -50.00 -10.00 0.00 -64.16 -2.06 15.00 -66.41 -18.01 -1.92 -0.00 -0.00 -0.00 -1.92
57 -50.00 -10.00 0.00 -50.00 -10.00 0.00 -50.00 -10.00 0.00 -63.27 -2.27 15.00 -65.77 -17.98 -1.69 -0.00 -0.00 -0.00 -1.69
58 -50.00 -10.00 0.00 -50.00 -10.00 0.00 -50.00 -10.00 0.00 -62.24 -2.47 15.00 -65.14 -17.95 -1.48 -0.00 -0.00 -0.00 -1.48
59 -50.00 -10.00 0.00 -50.00 -10.00 0.00 -50.00 -10.00 0.00 -61.00 -2.67 15.00 -64.50 -17.91 -1.30 -0.00 -0.00 -0.00 -1.30
60 -50.00 -10.00 0.00 -50.00 -10.00 0.00 -50.00 -10.00 0.00 -59.43 -2.85 15.00 -63.85 -17.87 -1.14 -0.00 -0.00 -0.00 -1.14
61 -50.00 -10.00 0.00 -50.00 -10.00 0.00 -50.00 -10.00 0.00 -57.31 -3.02 15.00 -63.17 -17.83 -1.00 -0.00 -0.00 -0.00 -1.00
62 -50.00 -10.00 0.00 -50.00 -10.00 0.00 -50.00 -10.00 0.00 -54.13 -3.18 15.00 -62.45 -17.79 -0.88 -0.00 -0.00 -0.00 -0.88
63 -50.00 -10.00 0.00 -50.00 -10.00 0.00 -50.00 -10.00 0.00 -48.48 -3.31 15.00 -61.68 -17.74 -0.77 -0.00 -0.00 -0.00 -0.77
64 -50.00 -10.00 0.00 -50.00 -10.00 0.00 -50.00 -10.00 0.00 -35.29 -3.39 15.00 -60.81 -17.69 -0.67 -0.00 -0.00 -0.00 -0.67
65 -50.00 -10.00 0.00 -50.00 -10.00 0.00 -50.00 -10.00 0.00 18.76 -3.24 15.00 -59.81 -17.63 -0.58 -0.00 -0.00 -0.00 -0.58
66 -50.00 -10.00 0.00 -50.00 -10.00 0.00 -50.00 -10.00 0.00 30.00 1.11 15.00 -58.57 -17.57 -0.51 -0.00 -0.00 -0.00 -0.51
67 -50.00 -10.00 0.00 -50.00 -10.00 0.00 -50.00 -10.00 0.00 -50.00 3.11 15.00 -62.46 -17.54 -5.61 -0.00 -0.00 -0.00 -5.61
68 -50.00 -10.00 0.00 -50.00 -10.00 0.00 -50.00 -10.00 0.00 -47.62 2.86 15.00 -70.37 -17.54 -9.53 -0.00 -0.00 -0.00 -9.53
69 -50.00 -10.00 0.00 -50.00 -10.00 0.00 -50.00 -10.00 0.00 -41.33 2.63 15.00 -77.08 -17.57 -12.14 -0.00 -0.00 -0.00 -12.14
70 -50.00 -10.00 0.00 -50.00 -10.00 0.00 -50.00 -10.00 0.00 -20.37 2.50 15.00 -79.79 -17.62 -13.76 -0.00 -0.00 -0.00 -13.76
71 -50.00 -10.00 0.00 -50.00 -10.00 0.00 -50.00 -10.00 0.00 30.00 2.95 15.00 -80.62 -17.67 -14.61 -0.00 -0.00 -0.00 -14.61
72 -50.00 -10.00 0.00 -50.00 -10.00 0.00 -50.00 -10.00 0.00 -50.00 4.95 15.00 -74.52 -17.69 -5.61 -0.00 -0.00 -0.00 -5.61
73 -50.00 -10.00 0.00 -50.00 -10.00 0.00 -50.00 -10.00 0.00 -49.94 4.65 15.00 -76.25 -17.72 -9.53 -0.00 -0.00 -0.00 -9.53
74 -50.00 -10.00 0.00 -50.00 -10.00 0.00 -50.00 -10.00 0.00 -49.44 4.36 15.00 -78.46 -17.75 -12.14 -0.00 -0.00 -0.00 -12.14
75 -50.00 -10.00 0.00 -50.00 -10.00 0.00 -50.00 -10.00 0.00 -47.90 4.08 15.00 -79.84 -17.80 -13.76 -0.00 -0.00 -0.00 -13.76
76 -50.00 -10.00 0.00 -50.00 -10.00 0.00 -50.00 -10.00 0.00 -43.72 3.83 15.00 -80.51 -17.84 -14.61 -0.00 -0.00 -0.00 -14.61
77 -50.00 -10.00 0.00 -50.00 -10.00 0.00 -50.00 -10.00 0.00 -30.89 3.63 15.00 -80.71 -17.89 -14.89 -0.00 -0.00 -0.00 -14.89
78 -50.00 -10.00 0.00 -50.00 -10.00 0.00 -50.00 -10.00 0.00 30.00 3.69 15.00 -80.62 -17.94 -14.76 -0.00 -0.00 -0.00 -14.76
79 -50.00 -10.00 0.00 -50.00 -10.00 0.00 -50.00 -10.00 0.00 -50.00 5.69 15.00 -74.32 -17.95 -5.61 -0.00 -0.00 -0.00 -5.61
80 -50.00 -10.00 0.00 -50.00 -10.00 0.00 -50.00 -10.00 0.00 -50.85 5.37 15.00 -76.01 -17.97 -9.53 -0.00 -0.00 -0.00 -9.53
81 -50.00 -10.00 0.00 -50.00 -10.00 0.00 -50.00 -10.00 0.00 -52.32 5.05 15.00 -78.24 -18.00 -12.14 -0.00 -0.00 -0.00 -12.14
82 -50.00 -10.00 0.00 -50.00 -10.00 0.00 -50.00 -10.00 0.00 -54.89 4.73 15.00 -79.65 -18.04 -13.76 -0.00 -0.00 -0.00 -13.76
83 -50.00 -10.00 0.00 -50.00 -10.00 0.00 -50.00 -10.00 0.00 -59.05 4.40 15.00 -80.34 -18.08 -14.61 -0.00 -0.00 -0.00 -14.61
84 -50.00 -10.00 0.00 -50.00 -10.00 0.00 -50.00 -10.00 0.00 -64.45 4.05 15.00 -80.55 -18.12 -14.89 -0.00 -0.00 -0.00 -14.89
85 -50.00 -10.00 0.00 -50.00 -10.00 0.00 -50.00 -10.00 0.00 -69.27 3.70 15.00 -80.46 -18.16 -14.76 -0.00 -0.00 -0.00 -14.76
86 -50.00 -10.00 0.00 -50.00 -10.00 0.00 -50.00 -10.00 0.00 -71.91 3.33 15.00 -80.15 -18.20 -14.33 -0.00 -0.00 -0.00 -14.33
87 -50.00 -10.00 0.00 -50.00 -10.00 0.00 -50.00 -10.00 0.00 -72.75 2.98 15.00 -79.68 -18.23 -13.69 -0.00 -0.00 -0.00 -13.69
88 -50.00 -10.00 0.00 -50.00 -10.00 0.00 -50.00 -10.00 0.00 -72.77 2.63 15.00 -79.11 -18.27 -12.92 -0.00 -0.00 -0.00 -12.92
89 -50.00 -10.00 0.00 -50.00 -10.00 0.00 -50.00 -10.00 0.00 -72.50 2.28 15.00 -78.45 -18.29 -12.08 -0.00 -0.00 -0.00 -12.08
90 -50.00 -10.00 0.00 -50.00 -10.00 0.00 -50.00 -10.00 0.00 -72.13 1.95 15.00 -77.75 -18.31 -11.19 -0.00 -0.00 -0.00 -11.19
91 -50.00 -10.00 0.00 -50.00 -10.00 0.00 -50.00 -10.00 0.00 -71.72 1.62 15.00 -77.00 -18.33 -10.30 -0.00 -0.00 -0.00 -10.30
92 -50.00 -10.00 0.00 -50.00 -10.00 0.00 -50.00 -10.00 0.00 -71.29 1.31 15.00 -76.23 -18.35 -9.42 -0.00 -0.00 -0.00 -9.42
93 -50.00 -10.00 0.00 -50.00 -10.00 0.00 -50.00 -10.00 0.00 -70.85 1.00 15.00 -75.45 -18.36 -8.57 -0.00 -0.00 -0.00 -8.57
94 -50.00 -10.00 0.00 -50.00 -10.00 0.00 -50.00 -10.00 0.00 -70.40 0.70 15.00 -74.67 -18.36 -7.77 -0.00 -0.00 -0.00 -7.77
95 -50.00 -10.00 0.00 -50.00 -10.00 0.00 -50.00 -10.00 0.00 -69.93 0.40 15.00 -73.89 -18.37 -7.01 -0.00 -0.00 -0.00 -7.01
96 -50.00 -10.00 0.00 -50.00 -10.00 0.00 -50.00 -10.00 0.00 -69.46 0.12 15.00 -73.11 -18.36 -6.31 -0.00 -0.00 -0.00 -6.31
97 -50.00 -10.00 0.00 -50.00 -10.00 0.00 -50.00 -10.00 0.00 -68.96 -0.16 15.00 -72.35 -18.36 -5.66 -0.00 -0.00 -0.00 -5.66
98 -50.00 -10.00 0.00 -50.00 -10.00 0.00 -50.00 -10.00 0.00 -68.45 -0.43 15.00 -71.60 -18.35 -5.06 -0.00 -0.00 -0.00 -5.06
99 -50.00 -10.00 0.00 -50.00 -10.00 0.00 -50.00 -10.00 0.00 -67.92 -0.70 15.00 -70.86 -18.34 -4.51 -0.00 -0.00 -0.00 -4.51
100 -50.00 -10.00 0.00 -50.00 -10.00 0.00 -50.00 -10.00 0.00 -67.37 -0.95 15.00 -70.13 -18.32 -4.01 -0.00 -0.00 -0.00 -4.01
101 -50.00 -10.00 0.00 -50.00 -10.00 0.00 -30.12 -9.92 15.00 -79.29 -1.25 0.00 -69.42 -18.30 -3.57 -0.00 -0.00 -0.00 -3.57
102 -50.00 -10.00 0.00 -50.00 -10.00 0.00 30.00 -9.46 15.00 -81.69 -1.55 0.00 -68.72 -18.28 -3.16 -0.00 -0.00 -0.00 -3.16
103 -50.00 -10.00 0.00 -50.00 -10.00 0.00 -50.00 -7.46 15.00 -81.67 -1.85 0.00 -72.42 -18.28 -7.91 -0.00 -0.00 -5.12 -2.80
104 -50.00 -10.00 0.00 -50.00 -10.00 0.00 -33.65 -7.44 15.00 -81.49 -2.14 0.00 -76.50 -18.29 -11.23 -0.00 -0.00 -8.76 -2.47
105 -50.00 -10.00 0.00 -50.00 -10.00 0.00 30.00 -7.15 15.00 -81.30 -2.42 0.00 -78.98 -18.32 -13.42 -0.00 -0.00 -11.24 -2.18
106 -50.00 -10.00 0.00 -50.00 -10.00 0.00 -50.00 -5.15 15.00 -81.11 -2.69 0.00 -74.85 -18.33 -7.04 -0.00 -0.00 -5.12 -1.92
107 -50.00 -10.00 0.00 -50.00 -10.00 0.00 -36.80 -5.19 15.00 -80.92 -2.96 0.00 -76.53 -18.35 -10.44 -0.00 -0.00 -8.76 -1.69
108 -50.00 -10.00 0.00 -50.00 -10.00 0.00 13.78 -5.03 15.00 -80.74 -3.23 0.00 -78.47 -18.37 -12.72 -0.00 -0.00 -11.24 -1.48
109 -50.00 -10.00 0.00 -50.00 -10.00 0.00 30.00 -1.37 15.00 -80.56 -3.49 0.00 -79.68 -18.40 -14.12 -0.00 -0.00 -12.82 -1.30
110 -50.00 -10.00 0.00 -50.00 -10.00 0.00 -50.00 0.63 15.00 -80.38 -3.74 0.00 -74.33 -18.41 -6.26 -0.00 -0.00 -5.12 -1.14
111 -50.00 -10.00 0.00 -50.00 -10.00 0.00 -44.44 0.44 15.00 -80.20 -3.98 0.00 -75.84 -18.42 -9.76 -0.00 -0.00 -8.76 -1.00
112 -50.00 -10.00 0.00 -50.00 -10.00 0.00 -28.35 0.32 15.00 -80.03 -4.22 0.00 -77.87 -18.44 -12.11 -0.00 -0.00 -11.24 -0.88
113 -50.00 -10.00 0.00 -50.00 -10.00 0.00 30.00 0.54 15.00 -79.86 -4.46 0.00 -79.20 -18.47 -13.58 -0.00 -0.00 -12.82 -0.77
114 -50.00 -10.00 0.00 -50.00 -10.00 0.00 -50.00 2.54 15.00 -79.69 -4.69 0.00 -73.86 -18.47 -5.79 -0.00 -0.00 -5.12 -0.67
115 -50.00 -10.00 0.00 -50.00 -10.00 0.00 -46.90 2.30 15.00 -79.52 -4.91 0.00 -75.36 -18.47 -9.34 -0.00 -0.00 -8.76 -0.58
116 -50.00 -10.00 0.00 -50.00 -10.00 0.00 -38.60 2.10 15.00 -79.35 -5.13 0.00 -77.48 -18.49 -11.75 -0.00 -0.00 -11.24 -0.51
117 -50.00 -10.00 0.00 -50.00 -10.00 0.00 -7.87 2.03 15.00 -79.19 -5.35 0.00 -78.89 -18.52 -13.26 -0.00 -0.00 -12.82 -0.44
118 -50.00 -10.00 0.00 -50.00 -10.00 0.00 30.00 3.20 15.00 -79.03 -5.56 0.00 -79.61 -18.54 -14.10 -0.00 -0.00 -13.71 -0.39
119 -50.00 -10.00 0.00 -50.00 -10.00 0.00 -50.00 5.20 15.00 -78.87 -5.76 0.00 -73.62 -18.54 -5.45 -0.00 -0.00 -5.12 -0.34
120 -50.00 -10.00 0.00 -50.00 -10.00 0.00 -50.25 4.89 15.00 -78.72 -5.96 0.00 -75.01 -18.54 -9.05 -0.00 -0.00 -8.76 -0.29
121 -50.00 -10.00 0.00 -50.00 -10.00 0.00 -50.43 4.60 15.00 -78.56 -6.15 0.00 -77.17 -18.56 -11.49 -0.00 -0.00 -11.24 -0.26
122 -50.00 -10.00 0.00 -50.00 -10.00 0.00 -50.44 4.30 15.00 -78.41 -6.34 0.00 -78.65 -18.58 -13.04 -0.00 -0.00 -12.82 -0.22
123 -50.00 -10.00 0.00 -50.00 -10.00 0.00 -50.12 4.02 15.00 -78.26 -6.53 0.00 -79.41 -18.61 -13.90 -0.00 -0.00 -13.71 -0.19
124 -50.00 -10.00 0.00 -50.00 -10.00 0.00 -49.03 3.74 15.00 -78.11 -6.71 0.00 -79.71 -18.63 -14.24 -0.00 -0.00 -14.08 -0.17
125 -50.00 -10.00 0.00 -50.00 -10.00 0.00 -46.12 3.48 15.00 -77.97 -6.89 0.00 -79.69 -18.66 -14.19 -0.00 -0.00 -14.05 -0.15
126 -50.00 -10.00 0.00 -50.00 -10.00 0.00 -37.98 3.26 15.00 -77.82 -7.06 0.00 -79.45 -18.68 -13.86 -0.00 -0.00 -13.74 -0.13
127 -50.00 -10.00 0.00 -50.00 -10.00 0.00 -6.96 3.16 15.00 -77.68 -7.23 0.00 -79.06 -18.70 -13.33 -0.00 -0.00 -13.22 -0.11
128 -50.00 -10.00 0.00 -50.00 -10.00 0.00 30.00 4.36 15.00 -77.54 -7.40 0.00 -78.55 -18.72 -12.67 -0.00 -0.00 -12.57 -0.09
129 -50.00 -10.00 0.00 -50.00 -10.00 0.00 -50.00 6.36 15.00 -77.40 -7.56 0.00 -73.12 -18.71 -5.20 -0.00 -0.00 -5.12 -0.08
130 -50.00 -10.00 0.00 -50.00 -10.00 0.00 -51.69 6.03 15.00 -77.27 -7.72 0.00 -74.56 -18.71 -8.83 -0.00 -0.00 -8.76 -0.07
131 -50.00 -10.00 0.00 -50.00 -10.00 0.00 -54.83 5.69 15.00 -77.13 -7.87 0.00 -76.80 -18.72 -11.30 -0.00 -0.00 -11.24 -0.06
132 -50.00 -10.00 0.00 -50.00 -10.00 0.00 -60.01 5.33 15.00 -77.00 -8.02 0.00 -78.36 -18.74 -12.87 -0.00 -0.00 -12.82 -0.05
133 -50.00 -10.00 0.00 -50.00 -10.00 0.00 -66.46 4.96 15.00 -76.87 -8.17 0.00 -79.17 -18.76 -13.76 -0.00 -0.00 -13.71 -0.05
134 -50.00 -10.00 0.00 -50.00 -10.00 0.00 -71.44 4.58 15.00 -76.74 -8.31 0.00 -79.49 -18.78 -14.11 -0.00 -0.00 -14.08 -0.04
135 -50.00 -10.00 0.00 -50.00 -10.00 0.00 -73.57 4.19 15.00 -76.62 -8.45 0.00 -79.49 -18.81 -14.08 -0.00 -0.00 -14.05 -0.03
136 -50.00 -10.00 0.00 -50.00 -10.00 0.00 -73.99 3.81 15.00 -76.49 -8.59 0.00 -79.27 -18.83 -13.77 -0.00 -0.00 -13.74 -0.03
137 -50.00 -10.00 0.00 -50.00 -10.00 0.00 -73.82 3.44 15.00 -76.37 -8.72 0.00 -78.89 -18.84 -13.25 -0.00 -0.00 -13.22 -0.03
138 -50.00 -10.00 0.00 -50.00 -10.00 0.00 -73.48 3.08 15.00 -76.25 -8.85 0.00 -78.39 -18.86 -12.59 -0.00 -0.00 -12.57 -0.02
139 -50.00 -10.00 0.00 -50.00 -10.00 0.00 -73.09 2.72 15.00 -76.13 -8.98 0.00 -77.80 -18.87 -11.85 -0.00 -0.00 -11.83 -0.02
140 -50.00 -10.00 0.00 -50.00 -10.00 0.00 -72.68 2.38 15.00 -76.01 -9.11 0.00 -77.15 -18.88 -11.06 -0.00 -0.00 -11.04 -0.02
141 -50.00 -10.00 0.00 -50.00 -10.00 0.00 -72.27 2.04 15.00 -75.89 -9.23 0.00 -76.46 -18.88 -10.25 -0.00 -0.00 -10.24 -0.01
142 -50.00 -10.00 0.00 -50.00 -10.00 0.00 -71.84 1.71 15.00 -75.78 -9.35 0.00 -75.75 -18.88 -9.44 -0.00 -0.00 -9.43 -0.01
143 -50.00 -10.00 0.00 -50.00 -10.00 0.00 -71.41 1.39 15.00 -75.67 -9.46 0.00 -75.01 -18.88 -8.66 -0.00 -0.00 -8.65 -0.01
144 -50.00 -10.00 0.00 -50.00 -10.00 0.00 -70.97 1.08 15.00 -75.56 -9.58 0.00 -74.26 -18.88 -7.90 -0.00 -0.00 -7.89 -0.01
145 -50.00 -10.00 0.00 -50.00 -10.00 0.00 -70.52 0.78 15.00 -75.45 -9.69 0.00 -73.51 -18.87 -7.18 -0.00 -0.00 -7.17 -0.01
146 -50.00 -10.00 0.00 -50.00 -10.00 0.00 -70.06 0.48 15.00 -75.34 -9.79 0.00 -72.76 -18.85 -6.50 -0.00 -0.00 -6.50 -0.01
147 -50.00 -10.00 0.00 -50.00 -10.00 0.00 -69.59 0.19 15.00 -75.24 -9.90 0.00 -72.01 -18.84 -5.87 -0.00 -0.00 -5.87 -0.01
148 -50.00 -10.00 0.00 -50.00 -10.00 0.00 -69.10 -0.09 15.00 -75.13 -10.00 0.00 -71.27 -18.81 -5.29 -0.00 -0.00 -5.28 -0.01
149 -50.00 -10.00 0.00 -50.00 -10.00 0.00 -68.60 -0.36 15.00 -75.03 -10.10 0.00 -70.53 -18.79 -4.75 -0.00 -0.00 -4.75 -0.00
150 -50.00 -10.00 0.00 -50.00 -10.00 0.00 -68.07 -0.62 15.00 -74.93 -10.20 0.00 -69.80 -18.76 -4.26 -0.00 -0.00 -4.26 -0.00
151 -50.00 -10.00 0.00 -50.00 -10.00 0.00 -67.52 -0.88 15.00 -74.83 -10.29 0.00 -69.08 -18.73 -3.81 -0.00 -0.00 -3.81 -0.00
152 -50.00 -10.00 0.00 -50.00 -10.00 0.00 -66.94 -1.13 15.00 -74.74 -10.39 0.00 -68.37 -18.70 -3.40 -0.00 -0.00 -3.40 -0.00
153 -50.00 -10.00 0.00 -50.00 -10.00 0.00 -66.33 -1.38 15.00 -74.64 -10.48 0.00 -67.66 -18.67 -3.03 -0.00 -0.00 -3.03 -0.00
154 -50.00 -10.00 0.00 -50.00 -10.00 0.00 -65.67 -1.61 15.00 -74.55 -10.57 0.00 -66.96 -18.63 -2.70 -0.00 -0.00 -2.70 -0.00
155 -50.00 -10.00 0.00 -50.00 -10.00 0.00 -64.95 -1.84 15.00 -74.45 -10.65 0.00 -66.25 -18.59 -2.40 -0.00 -0.00 -2.39 -0.00
156 -50.00 -10.00 0.00 -50.00 -10.00 0.00 -64.16 -2.06 15.00 -74.36 -10.74 0.00 -65.53 -18.54 -2.13 -0.00 -0.00 -2.12 -0.00
157 -50.00 -10.00 0.00 -50.00 -10.00 0.00 -63.27 -2.27 15.00 -74.27 -10.82 0.00 -64.80 -18.50 -1.88 -0.00 -0.00 -1.88 -0.00
158 -50.00 -10.00 0.00 -50.00 -10.00 0.00 -62.24 -2.47 15.00 -74.19 -10.90 0.00 -64.04 -18.45 -1.67 -0.00 -0.00 -1.67 -0.00
159 -50.00 -10.00 0.00 -50.00 -10.00 0.00 -61.00 -2.67 15.00 -74.10 -10.98 0.00 -63.25 -18.39 -1.47 -0.00 -0.00 -1.47 -0.00
160 -50.00 -10.00 0.00 -50.00 -10.00 0.00 -59.43 -2.85 15.00 -74.01 -11.06 0.00 -62.39 -18.34 -1.30 -0.00 -0.00 -1.30 -0.00
161 -50.00 -10.00 0.00 -50.00 -10.00 0.00 -57.31 -3.02 15.00 -73.93 -11.13 0.00 -61.45 -18.28 -1.15 -0.00 -0.00 -1.15 -0.00
162 -50.00 -10.00 0.00 -50.00 -10.00 0.00 -54.13 -3.18 15.00 -73.85 -11.20 0.00 -60.36 -18.21 -1.01 -0.00 -0.00 -1.01 -0.00
163 -50.00 -10.00 0.00 -50.00 -10.00 0.00 -48.48 -3.31 15.00 -73.77 -11.27 0.00 -59.05 -18.14 -0.89 -0.00 -0.00 -0.89 -0.00
164 -50.00 -10.00 0.00 -50.00 -10.00 0.00 -35.29 -3.39 15.00 -73.69 -11.34 0.00 -57.34 -18.07 -0.78 -0.00 -0.00 -0.78 -0.00
165 -50.00 -10.00 0.00 -50.00 -10.00 0.00 18.76 -3.24 15.00 -73.61 -11.41 0.00 -54.89 -17.98 -0.69 -0.00 -0.00 -0.69 -0.00
166 -50.00 -10.00 0.00 -50.00 -10.00 0.00 30.00 1.11 15.00 -73.53 -11.48 0.00 -50.87 -17.88 -0.61 -0.00 -0.00 -0.61 -0.00
167 -50.00 -10.00 0.00 -50.00 -10.00 0.00 -50.00 3.11 15.00 -73.46 -11.54 0.00 -48.49 -17.76 -5.12 -0.00 -0.00 -5.12 -0.00
168 -50.00 -10.00 0.00 -50.00 -10.00 0.00 -47.62 2.86 15.00 -73.38 -11.60 0.00 -47.71 -17.64 -8.76 -0.00 -0.00 -8.76 -0.00
169 -50.00 -10.00 0.00 -50.00 -10.00 0.00 -41.33 2.63 15.00 -73.31 -11.66 0.00 -49.11 -17.54 -11.24 -0.00 -0.00 -11.24 -0.00
170 -50.00 -10.00 0.00 -50.00 -10.00 0.00 -20.37 2.50 15.00 -73.24 -11.72 0.00 -54.55 -17.46 -12.82 -0.00 -0.00 -12.82 -0.00
171 -50.00 -10.00 0.00 -50.00 -10.00 0.00 30.00 2.95 15.00 -73.17 -11.78 0.00 -65.61 -17.44 -13.71 -0.00 -0.00 -13.71 -0.00
172 -50.00 -10.00 0.00 -50.00 -10.00 0.00 -50.00 4.95 15.00 -73.10 -11.84 0.00 -68.87 -17.43 -5.12 -0.00 -0.00 -5.12 -0.00
173 -50.00 -10.00 0.00 -50.00 -10.00 0.00 -49.94 4.65 15.00 -73.03 -11.89 0.00 -73.88 -17.45 -8.76 -0.00 -0.00 -8.76 -0.00
174 -50.00 -10.00 0.00 -50.00 -10.00 0.00 -49.44 4.36 15.00 -72.97 -11.95 0.00 -77.51 -17.49 -11.24 -0.00 -0.00 -11.24 -0.00
175 -50.00 -10.00 0.00 -50.00 -10.00 0.00 -47.90 4.08 15.00 -72.90 -12.00 0.00 -79.27 -17.54 -12.82 -0.00 -0.00 -12.82 -0.00
176 -50.00 -10.00 0.00 -50.00 -10.00 0.00 -43.72 3.83 15.00 -72.84 -12.05 0.00 -80.04 -17.59 -13.71 -0.00 -0.00 -13.71 -0.00
177 -50.00 -10.00 0.00 -50.00 -10.00 0.00 -30.89 3.63 15.00 -72.78 -12.10 0.00 -80.32 -17.64 -14.08 -0.00 -0.00 -14.08 -0.00
178 -50.00 -10.00 0.00 -50.00 -10.00 0.00 30.00 3.69 15.00 -72.72 -12.15 0.00 -80.29 -17.69 -14.05 -0.00 -0.00 -14.05 -0.00
179 -50.00 -10.00 0.00 -50.00 -10.00 0.00 -50.00 5.69 15.00 -72.66 -12.20 0.00 -74.10 -17.70 -5.12 -0.00 -0.00 -5.12 -0.00
180 -50.00 -10.00 0.00 -50.00 -10.00 0.00 -50.85 5.37 15.00 -72.60 -12.25 0.00 -75.56 -17.73 -8.76 -0.00 -0.00 -8.76 -0.00
181 -50.00 -10.00 0.00 -50.00 -10.00 0.00 -52.32 5.05 15.00 -72.54 -12.29 0.00 -77.69 -17.76 -11.24 -0.00 -0.00 -11.24 -0.00
182 -50.00 -10.00 0.00 -50.00 -10.00 0.00 -54.89 4.73 15.00 -72.48 -12.33 0.00 -79.11 -17.80 -12.82 -0.00 -0.00 -12.82 -0.00
183 -50.00 -10.00 0.00 -50.00 -10.00 0.00 -59.05 4.40 15.00 -72.43 -12.38 0.00 -79.85 -17.85 -13.71 -0.00 -0.00 -13.71 -0.00
184 -50.00 -10.00 0.00 -50.00 -10.00 0.00 -64.45 4.05 15.00 -72.37 -12.42 0.00 -80.14 -17.89 -14.08 -0.00 -0.00 -14.08 -0.00
185 -50.00 -10.00 0.00 -50.00 -10.00 0.00 -69.27 3.70 15.00 -72.32 -12.46 0.00 -80.12 -17.93 -14.05 -0.00 -0.00 -14.05 -0.00
186 -50.00 -10.00 0.00 -50.00 -10.00 0.00 -71.91 3.33 15.00 -72.26 -12.50 0.00 -79.88 -17.97 -13.74 -0.00 -0.00 -13.74 -0.00
187 -50.00 -10.00 0.00 -50.00 -10.00 0.00 -72.75 2.98 15.00 -72.21 -12.54 0.00 -79.50 -18.01 -13.22 -0.00 -0.00 -13.22 -0.00
188 -50.00 -10.00 0.00 -50.00 -10.00 0.00 -72.77 2.63 15.00 -72.16 -12.58 0.00 -79.00 -18.05 -12.57 -0.00 -0.00 -12.57 -0.00
189 -50.00 -10.00 0.00 -50.00 -10.00 0.00 -72.50 2.28 15.00 -72.11 -12.61 0.00 -78.42 -18.08 -11.83 -0.00 -0.00 -11.83 -0.00
190 -50.00 -10.00 0.00 -50.00 -10.00 0.00 -72.13 1.95 15.00 -72.06 -12.65 0.00 -77.79 -18.10 -11.04 -0.00 -0.00 -11.04 -0.00
191 -50.00 -10.00 0.00 -50.00 -10.00 0.00 -71.72 1.62 15.00 -72.02 -12.69 0.00 -77.11 -18.13 -10.24 -0.00 -0.00 -10.24 -0.00
192 -50.00 -10.00 0.00 -50.00 -10.00 0.00 -71.29 1.31 15.00 -71.97 -12.72 0.00 -76.41 -18.15 -9.43 -0.00 -0.00 -9.43 -0.00
193 -50.00 -10.00 0.00 -50.00 -10.00 0.00 -70.85 1.00 15.00 -71.92 -12.75 0.00 -75.69 -18.16 -8.65 -0.00 -0.00 -8.65 -0.00
194 -50.00 -10.00 0.00 -50.00 -10.00 0.00 -70.40 0.70 15.00 -71.88 -12.79 0.00 -74.96 -18.17 -7.89 -0.00 -0.00 -7.89 -0.00
195 -50.00 -10.00 0.00 -50.00 -10.00 0.00 -69.93 0.40 15.00 -71.84 -12.82 0.00 -74.23 -18.18 -7.17 -0.00 -0.00 -7.17 -0.00
196 -50.00 -10.00 0.00 -50.00 -10.00 0.00 -69.46 0.12 15.00 -71.79 -12.85 0.00 -73.51 -18.19 -6.50 -0.00 -0.00 -6.50 -0.00
197 -50.00 -10.00 0.00 -50.00 -10.00 0.00 -68.96 -0.16 15.00 -71.75 -12.88 0.00 -72.79 -18.19 -5.87 -0.00 -0.00 -5.87 -0.00
198 -50.00 -10.00 0.00 -50.00 -10.00 0.00 -68.45 -0.43 15.00 -71.71 -12.91 0.00 -72.08 -18.18 -5.28 -0.00 -0.00 -5.28 -0.00
199 -50.00 -10.00 0.00 -50.00 -10.00 0.00 -67.92 -0.70 15.00 -71.67 -12.94 0.00 -71.39 -18.18 -4.75 -0.00 -0.00 -4.75 -0.00
200 -50.00 -10.00 0.00 -50.00 -10.00 0.00 -67.37 -0.95 15.00 -71.63 -12.96 0.00 -70.70 -18.17 -4.26 -0.00 -0.00 -4.26 -0.00
201 -50.00 -10.00 0.00 -50.00 -10.00 0.00 -79.29 -1.25 0.00 -58.20 -12.94 15.00 -70.03 -18.15 -3.81 -0.00 -0.00 -3.81 -0.00
202 -50.00 -10.00 0.00 -50.00 -10.00 0.00 -81.69 -1.55 0.00 -43.93 -12.85 15.00 -69.37 -18.14 -3.40 -0.00 -0.00 -3.40 -0.00
203 -50.00 -10.00 0.00 -50.00 -10.00 0.00 -81.67 -1.85 0.00 -5.87 -12.62 15.00 -68.72 -18.12 -3.03 -0.00 -0.00 -3.03 -0.00
204 -50.00 -10.00 0.00 -50.00 -10.00 0.00 -81.49 -2.14 0.00 30.00 -10.81 15.00 -68.09 -18.10 -2.70 -0.00 -0.00 -2.70 -0.00
205 -50.00 -10.00 0.00 -50.00 -10.00 0.00 -81.30 -2.42 0.00 -50.00 -8.81 15.00 -72.33 -18.10 -8.00 -0.00 -0.00 -2.39 -5.61
206 -50.00 -10.00 0.00 -50.00 -10.00 0.00 -81.11 -2.69 0.00 -31.78 -8.76 15.00 -76.93 -18.12 -11.66 -0.00 -0.00 -2.12 -9.53
207 -50.00 -10.00 0.00 -50.00 -10.00 0.00 -80.92 -2.96 0.00 30.00 -8.38 15.00 -79.58 -18.15 -14.03 -0.00 -0.00 -1.88 -12.14
208 -50.00 -10.00 0.00 -50.00 -10.00 0.00 -80.74 -3.23 0.00 -50.00 -6.38 15.00 -75.24 -18.17 -7.28 -0.00 -0.00 -1.67 -5.61
209 -50.00 -10.00 0.00 -50.00 -10.00 0.00 -80.56 -3.49 0.00 -35.13 -6.39 15.00 -77.14 -18.19 -11.00 -0.00 -0.00 -1.47 -9.53
210 -50.00 -10.00 0.00 -50.00 -10.00 0.00 -80.38 -3.74 0.00 25.37 -6.16 15.00 -79.17 -18.22 -13.45 -0.00 -0.00 -1.30 -12.14
211 -50.00 -10.00 0.00 -50.00 -10.00 0.00 -80.20 -3.98 0.00 30.00 -0.51 15.00 -80.36 -18.26 -14.90 -0.00 -0.00 -1.15 -13.76
212 -50.00 -10.00 0.00 -50.00 -10.00 0.00 -80.03 -4.22 0.00 -50.00 1.49 15.00 -74.79 -18.27 -6.62 -0.00 -0.00 -1.01 -5.61
213 -50.00 -10.00 0.00 -50.00 -10.00 0.00 -79.86 -4.46 0.00 -45.55 1.28 15.00 -76.54 -18.28 -10.42 -0.00 -0.00 -0.89 -9.53
214 -50.00 -10.00 0.00 -50.00 -10.00 0.00 -79.69 -4.69 0.00 -33.15 1.12 15.00 -78.66 -18.31 -12.93 -0.00 -0.00 -0.78 -12.14
215 -50.00 -10.00 0.00 -50.00 -10.00 0.00 -79.52 -4.91 0.00 22.89 1.19 15.00 -79.95 -18.35 -14.45 -0.00 -0.00 -0.69 -13.76
216 -50.00 -10.00 0.00 -50.00 -10.00 0.00 -79.35 -5.13 0.00 30.00 6.06 15.00 -80.56 -18.38 -15.21 -0.00 -0.00 -0.61 -14.61
217 -50.00 -10.00 0.00 -50.00 -10.00 0.00 -79.19 -5.35 0.00 -50.00 8.06 15.00 -74.38 -18.39 -6.14 -0.00 -0.00 -0.53 -5.61
218 -50.00 -10.00 0.00 -50.00 -10.00 0.00 -79.03 -5.56 0.00 -53.78 7.69 15.00 -76.05 -18.40 -10.00 -0.00 -0.00 -0.47 -9.53
219 -50.00 -10.00 0.00 -50.00 -10.00 0.00 -78.87 -5.76 0.00 -60.54 7.29 15.00 -78.23 -18.42 -12.55 -0.00 -0.00 -0.41 -12.14
220 -50.00 -10.00 0.00 -50.00 -10.00 0.00 -78.72 -5.96 0.00 -68.90 6.87 15.00 -79.61 -18.45 -14.11 -0.00 -0.00 -0.36 -13.76
221 -50.00 -10.00 0.00 -50.00 -10.00 0.00 -78.56 -6.15 0.00 -74.34 6.44 15.00 -80.27 -18.48 -14.92 -0.00 -0.00 -0.31 -14.61
222 -50.00 -10.00 0.00 -50.00 -10.00 0.00 -78.41 -6.34 0.00 -75.91 6.00 15.00 -80.46 -18.52 -15.16 -0.00 -0.00 -0.28 -14.89
223 -50.00 -10.00 0.00 -50.00 -10.00 0.00 -78.26 -6.53 0.00 -75.95 5.58 15.00 -80.35 -18.55 -15.00 -0.00 -0.00 -0.24 -14.76
224 -50.00 -10.00 0.00 -50.00 -10.00 0.00 -78.11 -6.71 0.00 -75.65 5.17 15.00 -80.02 -18.58 -14.54 -0.00 -0.00 -0.21 -14.33
225 -50.00 -10.00 0.00 -50.00 -10.00 0.00 -77.97 -6.89 0.00 -75.28 4.76 15.00 -79.54 -18.60 -13.88 -0.00 -0.00 -0.18 -13.69
226 -50.00 -10.00 0.00 -50.00 -10.00 0.00 -77.82 -7.06 0.00 -74.89 4.37 15.00 -78.95 -18.63 -13.08 -0.00 -0.00 -0.16 -12.92
227 -50.00 -10.00 0.00 -50.00 -10.00 0.00 -77.68 -7.23 0.00 -74.49 3.98 15.00 -78.29 -18.64 -12.22 -0.00 -0.00 -0.14 -12.08
228 -50.00 -10.00 0.00 -50.00 -10.00 0.00 -77.54 -7.40 0.00 -74.09 3.60 15.00 -77.56 -18.66 -11.31 -0.00 -0.00 -0.12 -11.19
229 -50.00 -10.00 0.00 -50.00 -10.00 0.00 -77.40 -7.56 0.00 -73.69 3.24 15.00 -76.80 -18.67 -10.41 -0.00 -0.00 -0.11 -10.30
230 -50.00 -10.00 0.00 -50.00 -10.00 0.00 -77.27 -7.72 0.00 -73.28 2.88 15.00 -76.02 -18.68 -9.51 -0.00 -0.00 -0.09 -9.42
231 -50.00 -10.00 0.00 -50.00 -10.00 0.00 -77.13 -7.87 0.00 -72.87 2.53 15.00 -75.22 -18.68 -8.66 -0.00 -0.00 -0.08 -8.57
232 -50.00 -10.00 0.00 -50.00 -10.00 0.00 -77.00 -8.02 0.00 -72.46 2.19 15.00 -74.42 -18.68 -7.84 -0.00 -0.00 -0.07 -7.77
233 -50.00 -10.00 0.00 -50.00 -10.00 0.00 -76.87 -8.17 0.00 -72.04 1.86 15.00 -73.63 -18.67 -7.07 -0.00 -0.00 -0.06 -7.01
234 -50.00 -10.00 0.00 -50.00 -10.00 0.00 -76.74 -8.31 0.00 -71.61 1.53 15.00 -72.83 -18.66 -6.36 -0.00 -0.00 -0.05 -6.31
235 -50.00 -10.00 0.00 -50.00 -10.00 0.00 -76.62 -8.45 0.00 -71.17 1.22 15.00 -72.05 -18.65 -5.70 -0.00 -0.00 -0.05 -5.66
236 -50.00 -10.00 0.00 -50.00 -10.00 0.00 -76.49 -8.59 0.00 -70.72 0.91 15.00 -71.28 -18.63 -5.10 -0.00 -0.00 -0.04 -5.06
237 -50.00 -10.00 0.00 -50.00 -10.00 0.00 -76.37 -8.72 0.00 -70.27 0.61 15.00 -70.52 -18.61 -4.55 -0.00 -0.00 -0.04 -4.51
238 -50.00 -10.00 0.00 -50.00 -10.00 0.00 -76.25 -8.85 0.00 -69.80 0.32 15.00 -69.77 -18.59 -4.05 -0.00 -0.00 -0.03 -4.01
239 -50.00 -10.00 0.00 -50.00 -10.00 0.00 -76.13 -8.98 0.00 -69.32 0.04 15.00 -69.03 -18.56 -3.59 -0.00 -0.00 -0.03 -3.57
240 -50.00 -10.00 0.00 -50.00 -10.00 0.00 -76.01 -9.11 0.00 -68.82 -0.24 15.00 -68.30 -18.53 -3.18 -0.00 -0.00 -0.02 -3.16
241 -50.00 -10.00 0.00 -50.00 -10.00 0.00 -75.89 -9.23 0.00 -68.31 -0.51 15.00 -67.58 -18.50 -2.82 -0.00 -0.00 -0.02 -2.80
242 -50.00 -10.00 0.00 -50.00 -10.00 0.00 -75.78 -9.35 0.00 -67.77 -0.77 15.00 -66.86 -18.47 -2.49 -0.00 -0.00 -0.02 -2.47
243 -50.00 -10.00 0.00 -50.00 -10.00 0.00 -75.67 -9.46 0.00 -67.21 -1.02 15.00 -66.15 -18.43 -2.20 -0.00 -0.00 -0.02 -2.18
244 -50.00 -10.00 0.00 -50.00 -10.00 0.00 -75.56 -9.58 0.00 -66.61 -1.27 15.00 -65.42 -18.39 -1.93 -0.00 -0.00 -0.01 -1.92
245 -50.00 -10.00 0.00 -50.00 -10.00 0.00 -75.45 -9.69 0.00 -65.97 -1.51 15.00 -64.69 -18.34 -1.70 -0.00 -0.00 -0.01 -1.69
246 -50.00 -10.00 0.00 -50.00 -10.00 0.00 -75.34 -9.79 0.00 -65.28 -1.74 15.00 -63.93 -18.29 -1.49 -0.00 -0.00 -0.01 -1.48
247 -50.00 -10.00 0.00 -50.00 -10.00 0.00 -75.24 -9.90 0.00 -64.53 -1.96 15.00 -63.14 -18.24 -1.31 -0.00 -0.00 -0.01 -1.30
248 -50.00 -10.00 0.00 -50.00 -10.00 0.00 -75.13 -10.00 0.00 -63.68 -2.18 15.00 -62.29 -18.19 -1.15 -0.00 -0.00 -0.01 -1.14
249 -50.00 -10.00 0.00 -50.00 -10.00 0.00 -75.03 -10.10 0.00 -62.72 -2.38 15.00 -61.34 -18.13 -1.01 -0.00 -0.00 -0.01 -1.00
250 -50.00 -10.00 0.00 -50.00 -10.00 0.00 -74.93 -10.20 0.00 -61.58 -2.58 15.00 -60.26 -18.07 -0.88 -0.00 -0.00 -0.01 -0.88
251 -50.00 -10.00 0.00 -50.00 -10.00 0.00 -74.83 -10.29 0.00 -60.18 -2.77 15.00 -58.94 -18.01 -0.77 -0.00 -0.00 -0.00 -0.77
252 -50.00 -10.00 0.00 -50.00 -10.00 0.00 -74.74 -10.39 0.00 -58.35 -2.95 15.00 -57.23 -17.93 -0.67 -0.00 -0.00 -0.00 -0.67
253 -50.00 -10.00 0.00 -50.00 -10.00 0.00 -74.64 -10.48 0.00 -55.74 -3.11 15.00 -54.77 -17.85 -0.59 -0.00 -0.00 -0.00 -0.58
254 -50.00 -10.00 0.00 -50.00 -10.00 0.00 -74.55 -10.57 0.00 -51.48 -3.26 15.00 -50.70 -17.74 -0.51 -0.00 -0.00 -0.00 -0.51
255 -50.00 -10.00 0.00 -50.00 -10.00 0.00 -74.45 -10.65 0.00 -42.88 -3.36 15.00 -42.31 -17.60 -0.45 -0.00 -0.00 -0.00 -0.44
256 -50.00 -10.00 0.00 -50.00 -10.00 0.00 -74.36 -10.74 0.00 -16.95 -3.36 15.00 -16.60 -17.33 -0.39 -0.00 -0.00 -0.00 -0.39
257 -50.00 -10.00 0.00 -50.00 -10.00 0.00 -74.27 -10.82 0.00 30.00 -2.57 15.00 30.00 -16.07 -0.34 -0.00 -0.00 -0.00 -0.34
258 -50.00 -10.00 0.00 -50.00 -10.00 0.00 -74.19 -10.90 0.00 -50.00 -0.57 15.00 -65.00 -10.07 -0.34 -0.00 -0.00 -0.00 -0.34
259 -50.00 -10.00 0.00 -50.00 -10.00 0.00 -74.10 -10.98 0.00 -42.88 -0.73 15.00 -78.49 -10.26 -9.53 -0.00 -0.00 -0.00 -9.53
260 -50.00 -10.00 0.00 -50.00 -10.00 0.00 -74.01 -11.06 0.00 -21.08 -0.80 15.00 -83.56 -10.47 -12.15 -0.00 -0.00 -0.00 -12.14
261 -50.00 -10.00 0.00 -50.00 -10.00 0.00 -73.93 -11.13 0.00 30.00 -0.27 15.00 -84.58 -10.69 -13.76 -0.00 -0.00 -0.00 -13.76
262 -50.00 -10.00 0.00 -50.00 -10.00 0.00 -73.85 -11.20 0.00 -50.00 1.73 15.00 -79.58 -10.87 -5.61 -0.00 -0.00 -0.00 -5.61
263 -50.00 -10.00 0.00 -50.00 -10.00 0.00 -73.77 -11.27 0.00 -45.85 1.51 15.00 -81.66 -11.06 -9.53 -0.00 -0.00 -0.00 -9.53
264 -50.00 -10.00 0.00 -50.00 -10.00 0.00 -73.69 -11.34 0.00 -34.41 1.34 15.00 -83.26 -11.26 -12.15 -0.00 -0.00 -0.00 -12.14
265 -50.00 -10.00 0.00 -50.00 -10.00 0.00 -73.61 -11.41 0.00 15.06 1.37 15.00 -84.13 -11.45 -13.76 -0.00 -0.00 -0.00 -13.76
266 -50.00 -10.00 0.00 -50.00 -10.00 0.00 -73.53 -11.48 0.00 30.00 4.97 15.00 -84.52 -11.65 -14.61 -0.00 -0.00 -0.00 -14.61
267 -50.00 -10.00 0.00 -50.00 -10.00 0.00 -73.46 -11.54 0.00 -50.00 6.97 15.00 -78.96 -11.81 -5.61 -0.00 -0.00 -0.00 -5.61
268 -50.00 -10.00 0.00 -50.00 -10.00 0.00 -73.38 -11.60 0.00 -52.44 6.62 15.00 -81.01 -11.98 -9.53 -0.00 -0.00 -0.00 -9.53
269 -50.00 -10.00 0.00 -50.00 -10.00 0.00 -73.31 -11.66 0.00 -56.96 6.26 15.00 -82.68 -12.15 -12.14 -0.00 -0.00 -0.00 -12.14
270 -50.00 -10.00 0.00 -50.00 -10.00 0.00 -73.24 -11.72 0.00 -63.74 5.88 15.00 -83.60 -12.33 -13.76 -0.00 -0.00 -0.00 -13.76
271 -50.00 -10.00 0.00 -50.00 -10.00 0.00 -73.17 -11.78 0.00 -70.38 5.48 15.00 -84.01 -12.50 -14.61 -0.00 -0.00 -0.00 -14.61
272 -50.00 -10.00 0.00 -50.00 -10.00 0.00 -73.10 -11.84 0.00 -73.87 5.07 15.00 -84.09 -12.67 -14.89 -0.00 -0.00 -0.00 -14.89
273 -50.00 -10.00 0.00 -50.00 -10.00 0.00 -73.03 -11.89 0.00 -74.75 4.67 15.00 -83.91 -12.84 -14.76 -0.00 -0.00 -0.00 -14.76
274 -50.00 -10.00 0.00 -50.00 -10.00 0.00 -72.97 -11.95 0.00 -74.69 4.28 15.00 -83.57 -13.00 -14.33 -0.00 -0.00 -0.00 -14.33
275 -50.00 -10.00 0.00 -50.00 -10.00 0.00 -72.90 -12.00 0.00 -74.38 3.90 15.00 -83.10 -13.15 -13.69 -0.00 -0.00 -0.00 -13.69
276 -50.00 -10.00 0.00 -50.00 -10.00 0.00 -72.84 -12.05 0.00 -74.00 3.52 15.00 -82.53 -13.30 -12.92 -0.00 -0.00 -0.00 -12.92
277 -50.00 -10.00 0.00 -50.00 -10.00 0.00 -72.78 -12.10 0.00 -73.60 3.16 15.00 -81.91 -13.45 -12.08 -0.00 -0.00 -0.00 -12.08
278 -50.00 -10.00 0.00 -50.00 -10.00 0.00 -72.72 -12.15 0.00 -73.20 2.80 15.00 -81.25 -13.58 -11.19 -0.00 -0.00 -0.00 -11.19
279 -50.00 -10.00 0.00 -50.00 -10.00 0.00 -72.66 -12.20 0.00 -72.78 2.46 15.00 -80.56 -13.71 -10.30 -0.00 -0.00 -0.00 -10.30
280 -50.00 -10.00 0.00 -50.00 -10.00 0.00 -72.60 -12.25 0.00 -72.37 2.12 15.00 -79.86 -13.84 -9.42 -0.00 -0.00 -0.00 -9.42
281 -50.00 -10.00 0.00 -50.00 -10.00 0.00 -72.54 -12.29 0.00 -71.94 1.79 15.00 -79.16 -13.96 -8.58 -0.00 -0.00 -0.00 -8.57
282 -50.00 -10.00 0.00 -50.00 -10.00 0.00 -72.48 -12.33 0.00 -71.51 1.47 15.00 -78.46 -14.07 -7.77 -0.00 -0.00 -0.00 -7.77
283 -50.00 -10.00 0.00 -50.00 -10.00 0.00 -72.43 -12.38 0.00 -71.07 1.15 15.00 -77.78 -14.18 -7.01 -0.00 -0.00 -0.00 -7.01
284 -50.00 -10.00 0.00 -50.00 -10.00 0.00 -72.37 -12.42 0.00 -70.63 0.85 15.00 -77.11 -14.28 -6.31 -0.00 -0.00 -0.00 -6.31
285 -50.00 -10.00 0.00 -50.00 -10.00 0.00 -72.32 -12.46 0.00 -70.17 0.55 15.00 -76.46 -14.38 -5.66 -0.00 -0.00 -0.00 -5.66
286 -50.00 -10.00 0.00 -50.00 -10.00 0.00 -72.26 -12.50 0.00 -69.70 0.26 15.00 -75.83 -14.47 -5.06 -0.00 -0.00 -0.00 -5.06
287 -50.00 -10.00 0.00 -50.00 -10.00 0.00 -72.21 -12.54 0.00 -69.21 -0.02 15.00 -75.23 -14.56 -4.51 -0.00 -0.00 -0.00 -4.51
288 -50.00 -10.00 0.00 -50.00 -10.00 0.00 -72.16 -12.58 0.00 -68.71 -0.30 15.00 -74.65 -14.64 -4.01 -0.00 -0.00 -0.00 -4.01
289 -50.00 -10.00 0.00 -50.00 -10.00 0.00 -72.11 -12.61 0.00 -68.19 -0.56 15.00 -74.10 -14.72 -3.57 -0.00 -0.00 -0.00 -3.57
290 -50.00 -10.00 0.00 -50.00 -10.00 0.00 -72.06 -12.65 0.00 -67.65 -0.82 15.00 -73.57 -14.79 -3.16 -0.00 -0.00 -0.00 -3.16
291 -50.00 -10.00 0.00 -50.00 -10.00 0.00 -72.02 -12.69 0.00 -67.08 -1.08 15.00 -73.07 -14.86 -2.80 -0.00 -0.00 -0.00 -2.80
292 -50.00 -10.00 0.00 -50.00 -10.00 0.00 -71.97 -12.72 0.00 -66.47 -1.32 15.00 -72.59 -14.93 -2.47 -0.00 -0.00 -0.00 -2.47
293 -50.00 -10.00 0.00 -50.00 -10.00 0.00 -71.92 -12.75 0.00 -65.83 -1.56 15.00 -72.13 -14.99 -2.18 -0.00 -0.00 -0.00 -2.18
294 -50.00 -10.00 0.00 -50.00 -10.00 0.00 -71.88 -12.79 0.00 -65.12 -1.79 15.00 -71.71 -15.05 -1.92 -0.00 -0.00 -0.00 -1.92
295 -50.00 -10.00 0.00 -50.00 -10.00 0.00 -71.84 -12.82 0.00 -64.35 -2.01 15.00 -71.30 -15.10 -1.69 -0.00 -0.00 -0.00 -1.69
296 -50.00 -10.00 0.00 -50.00 -10.00 0.00 -71.79 -12.85 0.00 -63.49 -2.22 15.00 -70.92 -15.15 -1.48 -0.00 -0.00 -0.00 -1.48
297 -50.00 -10.00 0.00 -50.00 -10.00 0.00 -71.75 -12.88 0.00 -62.49 -2.43 15.00 -70.55 -15.20 -1.30 -0.00 -0.00 -0.00 -1.30
298 -50.00 -10.00 0.00 -50.00 -10.00 0.00 -71.71 -12.91 0.00 -61.31 -2.62 15.00 -70.21 -15.25 -1.14 -0.00 -0.00 -0.00 -1.14
299 -50.00 -10.00 0.00 -50.00 -10.00 0.00 -71.67 -12.94 0.00 -59.83 -2.81 15.00 -69.89 -15.30 -1.00 -0.00 -0.00 -0.00 -1.00
300 -50.00 -10.00 0.00 -50.00 -10.00 0.00 -71.63 -12.96 0.00 -57.87 -2.99 15.00 -69.59 -15.34 -0.88 -0.00 -0.00 -0.00 -0.88