1 -30.12 -9.92 15.00 -50.00 -10.00 0.00 -50.00 -10.00 0.00 -50.00 -10.00 0.00 -64.76 -16.25 0.00 -0.00 -0.00 -0.00 -0.00
2 30.00 -9.46 15.00 -50.00 -10.00 0.00 -50.00 -10.00 0.00 -50.00 -10.00 0.00 -64.57 -16.25 0.00 -0.00 -0.00 -0.00 -0.00
3 -50.00 -7.46 15.00 -50.00 -10.00 0.00 -50.00 -10.00 0.00 -50.00 -10.00 0.00 -69.18 -16.27 -5.11 -5.11 -0.00 -0.00 -0.00
4 -33.65 -7.44 15.00 -50.00 -10.00 0.00 -50.00 -10.00 0.00 -50.00 -10.00 0.00 -74.95 -16.32 -8.74 -8.74 -0.00 -0.00 -0.00
5 30.00 -7.15 15.00 -50.00 -10.00 0.00 -50.00 -10.00 0.00 -50.00 -10.00 0.00 -78.54 -16.38 -11.22 -11.22 -0.00 -0.00 -0.00
6 -50.00 -5.15 15.00 -50.00 -10.00 0.00 -50.00 -10.00 0.00 -50.00 -10.00 0.00 -74.79 -16.43 -5.11 -5.11 -0.00 -0.00 -0.00
7 -36.80 -5.19 15.00 -50.00 -10.00 0.00 -50.00 -10.00 0.00 -50.00 -10.00 0.00 -76.66 -16.48 -8.74 -8.74 -0.00 -0.00 -0.00
8 13.78 -5.03 15.00 -50.00 -10.00 0.00 -50.00 -10.00 0.00 -50.00 -10.00 0.00 -78.74 -16.55 -11.22 -11.22 -0.00 -0.00 -0.00
9 30.00 -1.37 15.00 -50.00 -10.00 0.00 -50.00 -10.00 0.00 -50.00 -10.00 0.00 -80.04 -16.62 -12.80 -12.80 -0.00 -0.00 -0.00
10 -50.00 0.63 15.00 -50.00 -10.00 0.00 -50.00 -10.00 0.00 -50.00 -10.00 0.00 -74.84 -16.66 -5.11 -5.11 -0.00 -0.00 -0.00
11 -44.44 0.44 15.00 -50.00 -10.00 0.00 -50.00 -10.00 0.00 -50.00 -10.00 0.00 -76.50 -16.71 -8.74 -8.74 -0.00 -0.00 -0.00
12 -28.35 0.32 15.00 -50.00 -10.00 0.00 -50.00 -10.00 0.00 -50.00 -10.00 0.00 -78.56 -16.77 -11.22 -11.22 -0.00 -0.00 -0.00
13 30.00 0.54 15.00 -50.00 -10.00 0.00 -50.00 -10.00 0.00 -50.00 -10.00 0.00 -79.87 -16.83 -12.80 -12.80 -0.00 -0.00 -0.00
14 -50.00 2.54 15.00 -50.00 -10.00 0.00 -50.00 -10.00 0.00 -50.00 -10.00 0.00 -74.66 -16.87 -5.11 -5.11 -0.00 -0.00 -0.00
15 -46.90 2.30 15.00 -50.00 -10.00 0.00 -50.00 -10.00 0.00 -50.00 -10.00 0.00 -76.31 -16.91 -8.74 -8.74 -0.00 -0.00 -0.00
16 -38.60 2.10 15.00 -50.00 -10.00 0.00 -50.00 -10.00 0.00 -50.00 -10.00 0.00 -78.38 -16.97 -11.22 -11.22 -0.00 -0.00 -0.00
17 -7.87 2.03 15.00 -50.00 -10.00 0.00 -50.00 -10.00 0.00 -50.00 -10.00 0.00 -79.72 -17.03 -12.80 -12.80 -0.00 -0.00 -0.00
18 30.00 3.20 15.00 -50.00 -10.00 0.00 -50.00 -10.00 0.00 -50.00 -10.00 0.00 -80.40 -17.09 -13.68 -13.68 -0.00 -0.00 -0.00
19 -50.00 5.20 15.00 -50.00 -10.00 0.00 -50.00 -10.00 0.00 -50.00 -10.00 0.00 -74.55 -17.12 -5.11 -5.11 -0.00 -0.00 -0.00
20 -50.25 4.89 15.00 -50.00 -10.00 0.00 -50.00 -10.00 0.00 -50.00 -10.00 0.00 -76.10 -17.16 -8.74 -8.74 -0.00 -0.00 -0.00
21 -50.43 4.60 15.00 -50.00 -10.00 0.00 -50.00 -10.00 0.00 -50.00 -10.00 0.00 -78.18 -17.20 -11.22 -11.22 -0.00 -0.00 -0.00
22 -50.44 4.30 15.00 -50.00 -10.00 0.00 -50.00 -10.00 0.00 -50.00 -10.00 0.00 -79.54 -17.26 -12.80 -12.80 -0.00 -0.00 -0.00
23 -50.12 4.02 15.00 -50.00 -10.00 0.00 -50.00 -10.00 0.00 -50.00 -10.00 0.00 -80.23 -17.31 -13.68 -13.68 -0.00 -0.00 -0.00
24 -49.03 3.74 15.00 -50.00 -10.00 0.00 -50.00 -10.00 0.00 -50.00 -10.00 0.00 -80.50 -17.37 -14.05 -14.05 -0.00 -0.00 -0.00
25 -46.12 3.48 15.00 -50.00 -10.00 0.00 -50.00 -10.00 0.00 -50.00 -10.00 0.00 -80.46 -17.42 -14.02 -14.02 -0.00 -0.00 -0.00
26 -37.98 3.26 15.00 -50.00 -10.00 0.00 -50.00 -10.00 0.00 -50.00 -10.00 0.00 -80.23 -17.48 -13.71 -13.71 -0.00 -0.00 -0.00
27 -6.96 3.16 15.00 -50.00 -10.00 0.00 -50.00 -10.00 0.00 -50.00 -10.00 0.00 -79.84 -17.53 -13.20 -13.20 -0.00 -0.00 -0.00
28 30.00 4.36 15.00 -50.00 -10.00 0.00 -50.00 -10.00 0.00 -50.00 -10.00 0.00 -79.34 -17.57 -12.55 -12.55 -0.00 -0.00 -0.00
29 -50.00 6.36 15.00 -50.00 -10.00 0.00 -50.00 -10.00 0.00 -50.00 -10.00 0.00 -74.04 -17.59 -5.11 -5.11 -0.00 -0.00 -0.00
30 -51.69 6.03 15.00 -50.00 -10.00 0.00 -50.00 -10.00 0.00 -50.00 -10.00 0.00 -75.61 -17.62 -8.74 -8.74 -0.00 -0.00 -0.00
31 -54.83 5.69 15.00 -50.00 -10.00 0.00 -50.00 -10.00 0.00 -50.00 -10.00 0.00 -77.76 -17.65 -11.22 -11.22 -0.00 -0.00 -0.00
32 -60.01 5.33 15.00 -50.00 -10.00 0.00 -50.00 -10.00 0.00 -50.00 -10.00 0.00 -79.18 -17.70 -12.80 -12.80 -0.00 -0.00 -0.00
33 -66.46 4.96 15.00 -50.00 -10.00 0.00 -50.00 -10.00 0.00 -50.00 -10.00 0.00 -79.91 -17.74 -13.68 -13.68 -0.00 -0.00 -0.00
34 -71.44 4.58 15.00 -50.00 -10.00 0.00 -50.00 -10.00 0.00 -50.00 -10.00 0.00 -80.19 -17.79 -14.05 -14.05 -0.00 -0.00 -0.00
35 -73.57 4.19 15.00 -50.00 -10.00 0.00 -50.00 -10.00 0.00 -50.00 -10.00 0.00 -80.17 -17.83 -14.02 -14.02 -0.00 -0.00 -0.00
36 -73.99 3.81 15.00 -50.00 -10.00 0.00 -50.00 -10.00 0.00 -50.00 -10.00 0.00 -79.94 -17.88 -13.71 -13.71 -0.00 -0.00 -0.00
37 -73.82 3.44 15.00 -50.00 -10.00 0.00 -50.00 -10.00 0.00 -50.00 -10.00 0.00 -79.55 -17.92 -13.20 -13.20 -0.00 -0.00 -0.00
38 -73.48 3.08 15.00 -50.00 -10.00 0.00 -50.00 -10.00 0.00 -50.00 -10.00 0.00 -79.05 -17.95 -12.55 -12.55 -0.00 -0.00 -0.00
39 -73.09 2.72 15.00 -50.00 -10.00 0.00 -50.00 -10.00 0.00 -50.00 -10.00 0.00 -78.48 -17.99 -11.81 -11.81 -0.00 -0.00 -0.00
40 -72.68 2.38 15.00 -50.00 -10.00 0.00 -50.00 -10.00 0.00 -50.00 -10.00 0.00 -77.84 -18.02 -11.02 -11.02 -0.00 -0.00 -0.00
41 -72.27 2.04 15.00 -50.00 -10.00 0.00 -50.00 -10.00 0.00 -50.00 -10.00 0.00 -77.17 -18.04 -10.22 -10.22 -0.00 -0.00 -0.00
42 -71.84 1.71 15.00 -50.00 -10.00 0.00 -50.00 -10.00 0.00 -50.00 -10.00 0.00 -76.47 -18.06 -9.41 -9.41 -0.00 -0.00 -0.00
43 -71.41 1.39 15.00 -50.00 -10.00 0.00 -50.00 -10.00 0.00 -50.00 -10.00 0.00 -75.75 -18.08 -8.63 -8.63 -0.00 -0.00 -0.00
44 -70.97 1.08 15.00 -50.00 -10.00 0.00 -50.00 -10.00 0.00 -50.00 -10.00 0.00 -75.03 -18.09 -7.88 -7.88 -0.00 -0.00 -0.00
45 -70.52 0.78 15.00 -50.00 -10.00 0.00 -50.00 -10.00 0.00 -50.00 -10.00 0.00 -74.30 -18.10 -7.16 -7.16 -0.00 -0.00 -0.00
46 -70.06 0.48 15.00 -50.00 -10.00 0.00 -50.00 -10.00 0.00 -50.00 -10.00 0.00 -73.58 -18.11 -6.49 -6.49 -0.00 -0.00 -0.00
47 -69.59 0.19 15.00 -50.00 -10.00 0.00 -50.00 -10.00 0.00 -50.00 -10.00 0.00 -72.86 -18.11 -5.86 -5.86 -0.00 -0.00 -0.00
48 -69.10 -0.09 15.00 -50.00 -10.00 0.00 -50.00 -10.00 0.00 -50.00 -10.00 0.00 -72.16 -18.11 -5.27 -5.27 -0.00 -0.00 -0.00
49 -68.60 -0.36 15.00 -50.00 -10.00 0.00 -50.00 -10.00 0.00 -50.00 -10.00 0.00 -71.47 -18.11 -4.74 -4.74 -0.00 -0.00 -0.00
50 -68.07 -0.62 15.00 -50.00 -10.00 0.00 -50.00 -10.00 0.00 -50.00 -10.00 0.00 -70.79 -18.10 -4.25 -4.25 -0.00 -0.00 -0.00
51 -67.52 -0.88 15.00 -50.00 -10.00 0.00 -50.00 -10.00 0.00 -50.00 -10.00 0.00 -70.12 -18.09 -3.80 -3.80 -0.00 -0.00 -0.00
52 -66.94 -1.13 15.00 -50.00 -10.00 0.00 -50.00 -10.00 0.00 -50.00 -10.00 0.00 -69.47 -18.07 -3.39 -3.39 -0.00 -0.00 -0.00
53 -66.33 -1.38 15.00 -50.00 -10.00 0.00 -50.00 -10.00 0.00 -50.00 -10.00 0.00 -68.83 -18.05 -3.02 -3.02 -0.00 -0.00 -0.00
54 -65.67 -1.61 15.00 -50.00 -10.00 0.00 -50.00 -10.00 0.00 -50.00 -10.00 0.00 -68.20 -18.03 -2.69 -2.69 -0.00 -0.00 -0.00
55 -64.95 -1.84 15.00 -50.00 -10.00 0.00 -50.00 -10.00 0.00 -50.00 -10.00 0.00 -67.58 -18.01 -2.39 -2.39 -0.00 -0.00 -0.00
56 -64.16 -2.06 15.00 -50.00 -10.00 0.00 -50.00 -10.00 0.00 -50.00 -10.00 0.00 -66.97 -17.99 -2.12 -2.12 -0.00 -0.00 -0.00
57 -63.27 -2.27 15.00 -50.00 -10.00 0.00 -50.00 -10.00 0.00 -50.00 -10.00 0.00 -66.37 -17.96 -1.88 -1.88 -0.00 -0.00 -0.00
58 -62.24 -2.47 15.00 -50.00 -10.00 0.00 -50.00 -10.00 0.00 -50.00 -10.00 0.00 -65.77 -17.93 -1.66 -1.66 -0.00 -0.00 -0.00
59 -61.00 -2.67 15.00 -50.00 -10.00 0.00 -50.00 -10.00 0.00 -50.00 -10.00 0.00 -65.18 -17.90 -1.47 -1.47 -0.00 -0.00 -0.00
60 -59.43 -2.85 15.00 -50.00 -10.00 0.00 -50.00 -10.00 0.00 -50.00 -10.00 0.00 -64.58 -17.86 -1.30 -1.30 -0.00 -0.00 -0.00
61 -57.31 -3.02 15.00 -50.00 -10.00 0.00 -50.00 -10.00 0.00 -50.00 -10.00 0.00 -63.96 -17.82 -1.15 -1.15 -0.00 -0.00 -0.00
62 -54.13 -3.18 15.00 -50.00 -10.00 0.00 -50.00 -10.00 0.00 -50.00 -10.00 0.00 -63.33 -17.78 -1.01 -1.01 -0.00 -0.00 -0.00
63 -48.48 -3.31 15.00 -50.00 -10.00 0.00 -50.00 -10.00 0.00 -50.00 -10.00 0.00 -62.67 -17.74 -0.89 -0.89 -0.00 -0.00 -0.00
64 -35.29 -3.39 15.00 -50.00 -10.00 0.00 -50.00 -10.00 0.00 -50.00 -10.00 0.00 -61.96 -17.70 -0.78 -0.78 -0.00 -0.00 -0.00
65 18.76 -3.24 15.00 -50.00 -10.00 0.00 -50.00 -10.00 0.00 -50.00 -10.00 0.00 -61.18 -17.65 -0.69 -0.69 -0.00 -0.00 -0.00
66 30.00 1.11 15.00 -50.00 -10.00 0.00 -50.00 -10.00 0.00 -50.00 -10.00 0.00 -60.29 -17.60 -0.60 -0.60 -0.00 -0.00 -0.00
67 -50.00 3.11 15.00 -50.00 -10.00 0.00 -50.00 -10.00 0.00 -50.00 -10.00 0.00 -63.95 -17.56 -5.11 -5.11 -0.00 -0.00 -0.00
68 -47.62 2.86 15.00 -50.00 -10.00 0.00 -50.00 -10.00 0.00 -50.00 -10.00 0.00 -70.81 -17.57 -8.74 -8.74 -0.00 -0.00 -0.00
69 -41.33 2.63 15.00 -50.00 -10.00 0.00 -50.00 -10.00 0.00 -50.00 -10.00 0.00 -76.51 -17.60 -11.22 -11.22 -0.00 -0.00 -0.00
70 -20.37 2.50 15.00 -50.00 -10.00 0.00 -50.00 -10.00 0.00 -50.00 -10.00 0.00 -79.03 -17.64 -12.80 -12.80 -0.00 -0.00 -0.00
71 30.00 2.95 15.00 -50.00 -10.00 0.00 -50.00 -10.00 0.00 -50.00 -10.00 0.00 -79.93 -17.69 -13.68 -13.68 -0.00 -0.00 -0.00
72 -50.00 4.95 15.00 -50.00 -10.00 0.00 -50.00 -10.00 0.00 -50.00 -10.00 0.00 -74.05 -17.70 -5.11 -5.11 -0.00 -0.00 -0.00
73 -49.94 4.65 15.00 -50.00 -10.00 0.00 -50.00 -10.00 0.00 -50.00 -10.00 0.00 -75.53 -17.73 -8.74 -8.74 -0.00 -0.00 -0.00
74 -49.44 4.36 15.00 -50.00 -10.00 0.00 -50.00 -10.00 0.00 -50.00 -10.00 0.00 -77.67 -17.76 -11.22 -11.22 -0.00 -0.00 -0.00
75 -47.90 4.08 15.00 -50.00 -10.00 0.00 -50.00 -10.00 0.00 -50.00 -10.00 0.00 -79.10 -17.80 -12.80 -12.80 -0.00 -0.00 -0.00
76 -43.72 3.83 15.00 -50.00 -10.00 0.00 -50.00 -10.00 0.00 -50.00 -10.00 0.00 -79.83 -17.85 -13.68 -13.68 -0.00 -0.00 -0.00
77 -30.89 3.63 15.00 -50.00 -10.00 0.00 -50.00 -10.00 0.00 -50.00 -10.00 0.00 -80.12 -17.89 -14.05 -14.05 -0.00 -0.00 -0.00
78 30.00 3.69 15.00 -50.00 -10.00 0.00 -50.00 -10.00 0.00 -50.00 -10.00 0.00 -80.10 -17.93 -14.02 -14.02 -0.00 -0.00 -0.00
79 -50.00 5.69 15.00 -50.00 -10.00 0.00 -50.00 -10.00 0.00 -50.00 -10.00 0.00 -73.89 -17.94 -5.11 -5.11 -0.00 -0.00 -0.00
80 -50.85 5.37 15.00 -50.00 -10.00 0.00 -50.00 -10.00 0.00 -50.00 -10.00 0.00 -75.31 -17.96 -8.74 -8.74 -0.00 -0.00 -0.00
81 -52.32 5.05 15.00 -50.00 -10.00 0.00 -50.00 -10.00 0.00 -50.00 -10.00 0.00 -77.45 -17.99 -11.22 -11.22 -0.00 -0.00 -0.00
82 -54.89 4.73 15.00 -50.00 -10.00 0.00 -50.00 -10.00 0.00 -50.00 -10.00 0.00 -78.91 -18.02 -12.80 -12.80 -0.00 -0.00 -0.00
83 -59.05 4.40 15.00 -50.00 -10.00 0.00 -50.00 -10.00 0.00 -50.00 -10.00 0.00 -79.67 -18.06 -13.68 -13.68 -0.00 -0.00 -0.00
84 -64.45 4.05 15.00 -50.00 -10.00 0.00 -50.00 -10.00 0.00 -50.00 -10.00 0.00 -79.96 -18.10 -14.05 -14.05 -0.00 -0.00 -0.00
85 -69.27 3.70 15.00 -50.00 -10.00 0.00 -50.00 -10.00 0.00 -50.00 -10.00 0.00 -79.95 -18.14 -14.02 -14.02 -0.00 -0.00 -0.00
86 -71.91 3.33 15.00 -50.00 -10.00 0.00 -50.00 -10.00 0.00 -50.00 -10.00 0.00 -79.72 -18.17 -13.71 -13.71 -0.00 -0.00 -0.00
87 -72.75 2.98 15.00 -50.00 -10.00 0.00 -50.00 -10.00 0.00 -50.00 -10.00 0.00 -79.33 -18.21 -13.20 -13.20 -0.00 -0.00 -0.00
88 -72.77 2.63 15.00 -50.00 -10.00 0.00 -50.00 -10.00 0.00 -50.00 -10.00 0.00 -78.84 -18.24 -12.55 -12.55 -0.00 -0.00 -0.00
89 -72.50 2.28 15.00 -50.00 -10.00 0.00 -50.00 -10.00 0.00 -50.00 -10.00 0.00 -78.26 -18.26 -11.81 -11.81 -0.00 -0.00 -0.00
90 -72.13 1.95 15.00 -50.00 -10.00 0.00 -50.00 -10.00 0.00 -50.00 -10.00 0.00 -77.62 -18.29 -11.02 -11.02 -0.00 -0.00 -0.00
91 -71.72 1.62 15.00 -50.00 -10.00 0.00 -50.00 -10.00 0.00 -50.00 -10.00 0.00 -76.94 -18.30 -10.22 -10.22 -0.00 -0.00 -0.00
92 -71.29 1.31 15.00 -50.00 -10.00 0.00 -50.00 -10.00 0.00 -50.00 -10.00 0.00 -76.24 -18.32 -9.41 -9.41 -0.00 -0.00 -0.00
93 -70.85 1.00 15.00 -50.00 -10.00 0.00 -50.00 -10.00 0.00 -50.00 -10.00 0.00 -75.51 -18.33 -8.63 -8.63 -0.00 -0.00 -0.00
94 -70.40 0.70 15.00 -50.00 -10.00 0.00 -50.00 -10.00 0.00 -50.00 -10.00 0.00 -74.78 -18.34 -7.88 -7.88 -0.00 -0.00 -0.00
95 -69.93 0.40 15.00 -50.00 -10.00 0.00 -50.00 -10.00 0.00 -50.00 -10.00 0.00 -74.05 -18.34 -7.16 -7.16 -0.00 -0.00 -0.00
96 -69.46 0.12 15.00 -50.00 -10.00 0.00 -50.00 -10.00 0.00 -50.00 -10.00 0.00 -73.32 -18.34 -6.49 -6.49 -0.00 -0.00 -0.00
97 -68.96 -0.16 15.00 -50.00 -10.00 0.00 -50.00 -10.00 0.00 -50.00 -10.00 0.00 -72.60 -18.34 -5.86 -5.86 -0.00 -0.00 -0.00
98 -68.45 -0.43 15.00 -50.00 -10.00 0.00 -50.00 -10.00 0.00 -50.00 -10.00 0.00 -71.88 -18.33 -5.27 -5.27 -0.00 -0.00 -0.00
99 -67.92 -0.70 15.00 -50.00 -10.00 0.00 -50.00 -10.00 0.00 -50.00 -10.00 0.00 -71.18 -18.32 -4.74 -4.74 -0.00 -0.00 -0.00
100 -67.37 -0.95 15.00 -50.00 -10.00 0.00 -50.00 -10.00 0.00 -50.00 -10.00 0.00 -70.48 -18.31 -4.25 -4.25 -0.00 -0.00 -0.00
101 -79.29 -1.25 0.00 -50.00 -10.00 0.00 -30.12 -9.92 15.00 -50.00 -10.00 0.00 -69.80 -18.29 -3.80 -3.80 -0.00 -0.00 -0.00
102 -81.69 -1.55 0.00 -50.00 -10.00 0.00 30.00 -9.46 15.00 -50.00 -10.00 0.00 -69.13 -18.27 -3.39 -3.39 -0.00 -0.00 -0.00
103 -81.67 -1.85 0.00 -50.00 -10.00 0.00 -50.00 -7.46 15.00 -50.00 -10.00 0.00 -72.82 -18.27 -8.14 -3.02 -0.00 -5.12 -0.00
104 -81.49 -2.14 0.00 -50.00 -10.00 0.00 -33.65 -7.44 15.00 -50.00 -10.00 0.00 -76.79 -18.29 -11.45 -2.69 -0.00 -8.76 -0.00
105 -81.30 -2.42 0.00 -50.00 -10.00 0.00 30.00 -7.15 15.00 -50.00 -10.00 0.00 -79.18 -18.32 -13.63 -2.39 -0.00 -11.24 -0.00
106 -81.11 -2.69 0.00 -50.00 -10.00 0.00 -50.00 -5.15 15.00 -50.00 -10.00 0.00 -75.03 -18.32 -7.24 -2.12 -0.00 -5.12 -0.00
107 -80.92 -2.96 0.00 -50.00 -10.00 0.00 -36.80 -5.19 15.00 -50.00 -10.00 0.00 -76.71 -18.34 -10.63 -1.88 -0.00 -8.76 -0.00
108 -80.74 -3.23 0.00 -50.00 -10.00 0.00 13.78 -5.03 15.00 -50.00 -10.00 0.00 -78.63 -18.37 -12.90 -1.66 -0.00 -11.24 -0.00
109 -80.56 -3.49 0.00 -50.00 -10.00 0.00 30.00 -1.37 15.00 -50.00 -10.00 0.00 -79.81 -18.40 -14.29 -1.47 -0.00 -12.82 -0.00
110 -80.38 -3.74 0.00 -50.00 -10.00 0.00 -50.00 0.63 15.00 -50.00 -10.00 0.00 -74.46 -18.40 -6.42 -1.30 -0.00 -5.12 -0.00
111 -80.20 -3.98 0.00 -50.00 -10.00 0.00 -44.44 0.44 15.00 -50.00 -10.00 0.00 -75.98 -18.42 -9.90 -1.15 -0.00 -8.76 -0.00
112 -80.03 -4.22 0.00 -50.00 -10.00 0.00 -28.35 0.32 15.00 -50.00 -10.00 0.00 -77.99 -18.44 -12.25 -1.01 -0.00 -11.24 -0.00
113 -79.86 -4.46 0.00 -50.00 -10.00 0.00 30.00 0.54 15.00 -50.00 -10.00 0.00 -79.30 -18.47 -13.71 -0.89 -0.00 -12.82 -0.00
114 -79.69 -4.69 0.00 -50.00 -10.00 0.00 -50.00 2.54 15.00 -50.00 -10.00 0.00 -73.96 -18.47 -5.90 -0.78 -0.00 -5.12 -0.00
115 -79.52 -4.91 0.00 -50.00 -10.00 0.00 -46.90 2.30 15.00 -50.00 -10.00 0.00 -75.46 -18.47 -9.44 -0.69 -0.00 -8.76 -0.00
116 -79.35 -5.13 0.00 -50.00 -10.00 0.00 -38.60 2.10 15.00 -50.00 -10.00 0.00 -77.57 -18.49 -11.84 -0.60 -0.00 -11.24 -0.00
117 -79.19 -5.35 0.00 -50.00 -10.00 0.00 -7.87 2.03 15.00 -50.00 -10.00 0.00 -78.96 -18.52 -13.35 -0.53 -0.00 -12.82 -0.00
118 -79.03 -5.56 0.00 -50.00 -10.00 0.00 30.00 3.20 15.00 -50.00 -10.00 0.00 -79.67 -18.55 -14.18 -0.47 -0.00 -13.71 -0.00
119 -78.87 -5.76 0.00 -50.00 -10.00 0.00 -50.00 5.20 15.00 -50.00 -10.00 0.00 -73.68 -18.54 -5.53 -0.41 -0.00 -5.12 -0.00
120 -78.72 -5.96 0.00 -50.00 -10.00 0.00 -50.25 4.89 15.00 -50.00 -10.00 0.00 -75.08 -18.55 -9.11 -0.36 -0.00 -8.76 -0.00
121 -78.56 -6.15 0.00 -50.00 -10.00 0.00 -50.43 4.60 15.00 -50.00 -10.00 0.00 -77.22 -18.56 -11.55 -0.31 -0.00 -11.24 -0.00
122 -78.41 -6.34 0.00 -50.00 -10.00 0.00 -50.44 4.30 15.00 -50.00 -10.00 0.00 -78.69 -18.58 -13.09 -0.27 -0.00 -12.82 -0.00
123 -78.26 -6.53 0.00 -50.00 -10.00 0.00 -50.12 4.02 15.00 -50.00 -10.00 0.00 -79.45 -18.61 -13.95 -0.24 -0.00 -13.71 -0.00
124 -78.11 -6.71 0.00 -50.00 -10.00 0.00 -49.03 3.74 15.00 -50.00 -10.00 0.00 -79.74 -18.64 -14.29 -0.21 -0.00 -14.08 -0.00
125 -77.97 -6.89 0.00 -50.00 -10.00 0.00 -46.12 3.48 15.00 -50.00 -10.00 0.00 -79.71 -18.66 -14.23 -0.18 -0.00 -14.05 -0.00
126 -77.82 -7.06 0.00 -50.00 -10.00 0.00 -37.98 3.26 15.00 -50.00 -10.00 0.00 -79.47 -18.69 -13.90 -0.16 -0.00 -13.74 -0.00
127 -77.68 -7.23 0.00 -50.00 -10.00 0.00 -6.96 3.16 15.00 -50.00 -10.00 0.00 -79.08 -18.71 -13.36 -0.14 -0.00 -13.22 -0.00
128 -77.54 -7.40 0.00 -50.00 -10.00 0.00 30.00 4.36 15.00 -50.00 -10.00 0.00 -78.57 -18.73 -12.69 -0.12 -0.00 -12.57 -0.00
129 -77.40 -7.56 0.00 -50.00 -10.00 0.00 -50.00 6.36 15.00 -50.00 -10.00 0.00 -73.14 -18.72 -5.22 -0.11 -0.00 -5.12 -0.00
130 -77.27 -7.72 0.00 -50.00 -10.00 0.00 -51.69 6.03 15.00 -50.00 -10.00 0.00 -74.58 -18.72 -8.85 -0.09 -0.00 -8.76 -0.00
131 -77.13 -7.87 0.00 -50.00 -10.00 0.00 -54.83 5.69 15.00 -50.00 -10.00 0.00 -76.82 -18.73 -11.32 -0.08 -0.00 -11.24 -0.00
132 -77.00 -8.02 0.00 -50.00 -10.00 0.00 -60.01 5.33 15.00 -50.00 -10.00 0.00 -78.37 -18.74 -12.89 -0.07 -0.00 -12.82 -0.00
133 -76.87 -8.17 0.00 -50.00 -10.00 0.00 -66.46 4.96 15.00 -50.00 -10.00 0.00 -79.18 -18.76 -13.77 -0.06 -0.00 -13.71 -0.00
134 -76.74 -8.31 0.00 -50.00 -10.00 0.00 -71.44 4.58 15.00 -50.00 -10.00 0.00 -79.50 -18.79 -14.13 -0.05 -0.00 -14.08 -0.00
135 -76.62 -8.45 0.00 -50.00 -10.00 0.00 -73.57 4.19 15.00 -50.00 -10.00 0.00 -79.50 -18.81 -14.10 -0.05 -0.00 -14.05 -0.00
136 -76.49 -8.59 0.00 -50.00 -10.00 0.00 -73.99 3.81 15.00 -50.00 -10.00 0.00 -79.27 -18.83 -13.78 -0.04 -0.00 -13.74 -0.00
137 -76.37 -8.72 0.00 -50.00 -10.00 0.00 -73.82 3.44 15.00 -50.00 -10.00 0.00 -78.89 -18.85 -13.26 -0.04 -0.00 -13.22 -0.00
138 -76.25 -8.85 0.00 -50.00 -10.00 0.00 -73.48 3.08 15.00 -50.00 -10.00 0.00 -78.39 -18.86 -12.60 -0.03 -0.00 -12.57 -0.00
139 -76.13 -8.98 0.00 -50.00 -10.00 0.00 -73.09 2.72 15.00 -50.00 -10.00 0.00 -77.80 -18.87 -11.86 -0.03 -0.00 -11.83 -0.00
140 -76.01 -9.11 0.00 -50.00 -10.00 0.00 -72.68 2.38 15.00 -50.00 -10.00 0.00 -77.16 -18.88 -11.07 -0.02 -0.00 -11.04 -0.00
141 -75.89 -9.23 0.00 -50.00 -10.00 0.00 -72.27 2.04 15.00 -50.00 -10.00 0.00 -76.47 -18.89 -10.26 -0.02 -0.00 -10.24 -0.00
142 -75.78 -9.35 0.00 -50.00 -10.00 0.00 -71.84 1.71 15.00 -50.00 -10.00 0.00 -75.75 -18.89 -9.45 -0.02 -0.00 -9.43 -0.00
143 -75.67 -9.46 0.00 -50.00 -10.00 0.00 -71.41 1.39 15.00 -50.00 -10.00 0.00 -75.01 -18.88 -8.66 -0.02 -0.00 -8.65 -0.00
144 -75.56 -9.58 0.00 -50.00 -10.00 0.00 -70.97 1.08 15.00 -50.00 -10.00 0.00 -74.26 -18.88 -7.90 -0.01 -0.00 -7.89 -0.00
145 -75.45 -9.69 0.00 -50.00 -10.00 0.00 -70.52 0.78 15.00 -50.00 -10.00 0.00 -73.51 -18.87 -7.18 -0.01 -0.00 -7.17 -0.00
146 -75.34 -9.79 0.00 -50.00 -10.00 0.00 -70.06 0.48 15.00 -50.00 -10.00 0.00 -72.76 -18.85 -6.51 -0.01 -0.00 -6.50 -0.00
147 -75.24 -9.90 0.00 -50.00 -10.00 0.00 -69.59 0.19 15.00 -50.00 -10.00 0.00 -72.01 -18.84 -5.88 -0.01 -0.00 -5.87 -0.00
148 -75.13 -10.00 0.00 -50.00 -10.00 0.00 -69.10 -0.09 15.00 -50.00 -10.00 0.00 -71.27 -18.82 -5.29 -0.01 -0.00 -5.28 -0.00
149 -75.03 -10.10 0.00 -50.00 -10.00 0.00 -68.60 -0.36 15.00 -50.00 -10.00 0.00 -70.53 -18.79 -4.75 -0.01 -0.00 -4.75 -0.00
150 -74.93 -10.20 0.00 -50.00 -10.00 0.00 -68.07 -0.62 15.00 -50.00 -10.00 0.00 -69.80 -18.77 -4.26 -0.01 -0.00 -4.26 -0.00
151 -74.83 -10.29 0.00 -50.00 -10.00 0.00 -67.52 -0.88 15.00 -50.00 -10.00 0.00 -69.08 -18.74 -3.81 -0.00 -0.00 -3.81 -0.00
152 -74.74 -10.39 0.00 -50.00 -10.00 0.00 -66.94 -1.13 15.00 -50.00 -10.00 0.00 -68.37 -18.70 -3.40 -0.00 -0.00 -3.40 -0.00
153 -74.64 -10.48 0.00 -50.00 -10.00 0.00 -66.33 -1.38 15.00 -50.00 -10.00 0.00 -67.66 -18.67 -3.03 -0.00 -0.00 -3.03 -0.00
154 -74.55 -10.57 0.00 -50.00 -10.00 0.00 -65.67 -1.61 15.00 -50.00 -10.00 0.00 -66.95 -18.63 -2.70 -0.00 -0.00 -2.70 -0.00
155 -74.45 -10.65 0.00 -50.00 -10.00 0.00 -64.95 -1.84 15.00 -50.00 -10.00 0.00 -66.24 -18.59 -2.40 -0.00 -0.00 -2.39 -0.00
156 -74.36 -10.74 0.00 -50.00 -10.00 0.00 -64.16 -2.06 15.00 -50.00 -10.00 0.00 -65.53 -18.54 -2.13 -0.00 -0.00 -2.12 -0.00
157 -74.27 -10.82 0.00 -50.00 -10.00 0.00 -63.27 -2.27 15.00 -50.00 -10.00 0.00 -64.79 -18.50 -1.88 -0.00 -0.00 -1.88 -0.00
158 -74.19 -10.90 0.00 -50.00 -10.00 0.00 -62.24 -2.47 15.00 -50.00 -10.00 0.00 -64.04 -18.45 -1.67 -0.00 -0.00 -1.67 -0.00
159 -74.10 -10.98 0.00 -50.00 -10.00 0.00 -61.00 -2.67 15.00 -50.00 -10.00 0.00 -63.24 -18.39 -1.47 -0.00 -0.00 -1.47 -0.00
160 -74.01 -11.06 0.00 -50.00 -10.00 0.00 -59.43 -2.85 15.00 -50.00 -10.00 0.00 -62.39 -18.34 -1.30 -0.00 -0.00 -1.30 -0.00
161 -73.93 -11.13 0.00 -50.00 -10.00 0.00 -57.31 -3.02 15.00 -50.00 -10.00 0.00 -61.44 -18.28 -1.15 -0.00 -0.00 -1.15 -0.00
162 -73.85 -11.20 0.00 -50.00 -10.00 0.00 -54.13 -3.18 15.00 -50.00 -10.00 0.00 -60.35 -18.22 -1.01 -0.00 -0.00 -1.01 -0.00
163 -73.77 -11.27 0.00 -50.00 -10.00 0.00 -48.48 -3.31 15.00 -50.00 -10.00 0.00 -59.03 -18.15 -0.89 -0.00 -0.00 -0.89 -0.00
164 -73.69 -11.34 0.00 -50.00 -10.00 0.00 -35.29 -3.39 15.00 -50.00 -10.00 0.00 -57.32 -18.07 -0.79 -0.00 -0.00 -0.78 -0.00
165 -73.61 -11.41 0.00 -50.00 -10.00 0.00 18.76 -3.24 15.00 -50.00 -10.00 0.00 -54.86 -17.98 -0.69 -0.00 -0.00 -0.69 -0.00
166 -73.53 -11.48 0.00 -50.00 -10.00 0.00 30.00 1.11 15.00 -50.00 -10.00 0.00 -50.81 -17.88 -0.61 -0.00 -0.00 -0.61 -0.00
167 -73.46 -11.54 0.00 -50.00 -10.00 0.00 -50.00 3.11 15.00 -50.00 -10.00 0.00 -48.35 -17.76 -5.12 -0.00 -0.00 -5.12 -0.00
168 -73.38 -11.60 0.00 -50.00 -10.00 0.00 -47.62 2.86 15.00 -50.00 -10.00 0.00 -47.36 -17.64 -8.76 -0.00 -0.00 -8.76 -0.00
169 -73.31 -11.66 0.00 -50.00 -10.00 0.00 -41.33 2.63 15.00 -50.00 -10.00 0.00 -48.23 -17.53 -11.24 -0.00 -0.00 -11.24 -0.00
170 -73.24 -11.72 0.00 -50.00 -10.00 0.00 -20.37 2.50 15.00 -50.00 -10.00 0.00 -52.54 -17.44 -12.82 -0.00 -0.00 -12.82 -0.00
171 -73.17 -11.78 0.00 -50.00 -10.00 0.00 30.00 2.95 15.00 -50.00 -10.00 0.00 -62.43 -17.41 -13.71 -0.00 -0.00 -13.71 -0.00
172 -73.10 -11.84 0.00 -50.00 -10.00 0.00 -50.00 4.95 15.00 -50.00 -10.00 0.00 -66.31 -17.39 -5.12 -0.00 -0.00 -5.12 -0.00
173 -73.03 -11.89 0.00 -50.00 -10.00 0.00 -49.94 4.65 15.00 -50.00 -10.00 0.00 -72.56 -17.41 -8.76 -0.00 -0.00 -8.76 -0.00
174 -72.97 -11.95 0.00 -50.00 -10.00 0.00 -49.44 4.36 15.00 -50.00 -10.00 0.00 -77.20 -17.44 -11.24 -0.00 -0.00 -11.24 -0.00
175 -72.90 -12.00 0.00 -50.00 -10.00 0.00 -47.90 4.08 15.00 -50.00 -10.00 0.00 -79.26 -17.49 -12.82 -0.00 -0.00 -12.82 -0.00
176 -72.84 -12.05 0.00 -50.00 -10.00 0.00 -43.72 3.83 15.00 -50.00 -10.00 0.00 -80.07 -17.54 -13.71 -0.00 -0.00 -13.71 -0.00
177 -72.78 -12.10 0.00 -50.00 -10.00 0.00 -30.89 3.63 15.00 -50.00 -10.00 0.00 -80.35 -17.59 -14.08 -0.00 -0.00 -14.08 -0.00
178 -72.72 -12.15 0.00 -50.00 -10.00 0.00 30.00 3.69 15.00 -50.00 -10.00 0.00 -80.33 -17.64 -14.05 -0.00 -0.00 -14.05 -0.00
179 -72.66 -12.20 0.00 -50.00 -10.00 0.00 -50.00 5.69 15.00 -50.00 -10.00 0.00 -74.14 -17.66 -5.12 -0.00 -0.00 -5.12 -0.00
180 -72.60 -12.25 0.00 -50.00 -10.00 0.00 -50.85 5.37 15.00 -50.00 -10.00 0.00 -75.60 -17.68 -8.76 -0.00 -0.00 -8.76 -0.00
181 -72.54 -12.29 0.00 -50.00 -10.00 0.00 -52.32 5.05 15.00 -50.00 -10.00 0.00 -77.72 -17.72 -11.24 -0.00 -0.00 -11.24 -0.00
182 -72.48 -12.33 0.00 -50.00 -10.00 0.00 -54.89 4.73 15.00 -50.00 -10.00 0.00 -79.15 -17.76 -12.82 -0.00 -0.00 -12.82 -0.00
183 -72.43 -12.38 0.00 -50.00 -10.00 0.00 -59.05 4.40 15.00 -50.00 -10.00 0.00 -79.88 -17.80 -13.71 -0.00 -0.00 -13.71 -0.00
184 -72.37 -12.42 0.00 -50.00 -10.00 0.00 -64.45 4.05 15.00 -50.00 -10.00 0.00 -80.16 -17.85 -14.08 -0.00 -0.00 -14.08 -0.00
185 -72.32 -12.46 0.00 -50.00 -10.00 0.00 -69.27 3.70 15.00 -50.00 -10.00 0.00 -80.14 -17.89 -14.05 -0.00 -0.00 -14.05 -0.00
186 -72.26 -12.50 0.00 -50.00 -10.00 0.00 -71.91 3.33 15.00 -50.00 -10.00 0.00 -79.91 -17.94 -13.74 -0.00 -0.00 -13.74 -0.00
187 -72.21 -12.54 0.00 -50.00 -10.00 0.00 -72.75 2.98 15.00 -50.00 -10.00 0.00 -79.53 -17.97 -13.22 -0.00 -0.00 -13.22 -0.00
188 -72.16 -12.58 0.00 -50.00 -10.00 0.00 -72.77 2.63 15.00 -50.00 -10.00 0.00 -79.03 -18.01 -12.57 -0.00 -0.00 -12.57 -0.00
189 -72.11 -12.61 0.00 -50.00 -10.00 0.00 -72.50 2.28 15.00 -50.00 -10.00 0.00 -78.45 -18.04 -11.83 -0.00 -0.00 -11.83 -0.00
190 -72.06 -12.65 0.00 -50.00 -10.00 0.00 -72.13 1.95 15.00 -50.00 -10.00 0.00 -77.82 -18.07 -11.04 -0.00 -0.00 -11.04 -0.00
191 -72.02 -12.69 0.00 -50.00 -10.00 0.00 -71.72 1.62 15.00 -50.00 -10.00 0.00 -77.14 -18.09 -10.24 -0.00 -0.00 -10.24 -0.00
192 -71.97 -12.72 0.00 -50.00 -10.00 0.00 -71.29 1.31 15.00 -50.00 -10.00 0.00 -76.44 -18.11 -9.43 -0.00 -0.00 -9.43 -0.00
193 -71.92 -12.75 0.00 -50.00 -10.00 0.00 -70.85 1.00 15.00 -50.00 -10.00 0.00 -75.72 -18.13 -8.65 -0.00 -0.00 -8.65 -0.00
194 -71.88 -12.79 0.00 -50.00 -10.00 0.00 -70.40 0.70 15.00 -50.00 -10.00 0.00 -74.99 -18.14 -7.89 -0.00 -0.00 -7.89 -0.00
195 -71.84 -12.82 0.00 -50.00 -10.00 0.00 -69.93 0.40 15.00 -50.00 -10.00 0.00 -74.27 -18.15 -7.17 -0.00 -0.00 -7.17 -0.00
196 -71.79 -12.85 0.00 -50.00 -10.00 0.00 -69.46 0.12 15.00 -50.00 -10.00 0.00 -73.54 -18.16 -6.50 -0.00 -0.00 -6.50 -0.00
197 -71.75 -12.88 0.00 -50.00 -10.00 0.00 -68.96 -0.16 15.00 -50.00 -10.00 0.00 -72.82 -18.16 -5.87 -0.00 -0.00 -5.87 -0.00
198 -71.71 -12.91 0.00 -50.00 -10.00 0.00 -68.45 -0.43 15.00 -50.00 -10.00 0.00 -72.12 -18.15 -5.28 -0.00 -0.00 -5.28 -0.00
199 -71.67 -12.94 0.00 -50.00 -10.00 0.00 -67.92 -0.70 15.00 -50.00 -10.00 0.00 -71.42 -18.15 -4.75 -0.00 -0.00 -4.75 -0.00
200 -71.63 -12.96 0.00 -50.00 -10.00 0.00 -67.37 -0.95 15.00 -50.00 -10.00 0.00 -70.74 -18.14 -4.26 -0.00 -0.00 -4.26 -0.00
201 -58.20 -12.94 15.00 -50.00 -10.00 0.00 -79.29 -1.25 0.00 -50.00 -10.00 0.00 -70.07 -18.13 -3.81 -0.00 -0.00 -3.81 -0.00
202 -43.93 -12.85 15.00 -50.00 -10.00 0.00 -81.69 -1.55 0.00 -50.00 -10.00 0.00 -69.41 -18.11 -3.40 -0.00 -0.00 -3.40 -0.00
203 -5.87 -12.62 15.00 -50.00 -10.00 0.00 -81.67 -1.85 0.00 -50.00 -10.00 0.00 -68.77 -18.09 -3.03 -0.00 -0.00 -3.03 -0.00
204 30.00 -10.81 15.00 -50.00 -10.00 0.00 -81.49 -2.14 0.00 -50.00 -10.00 0.00 -68.14 -18.07 -2.70 -0.00 -0.00 -2.70 -0.00
205 -50.00 -8.81 15.00 -50.00 -10.00 0.00 -81.30 -2.42 0.00 -50.00 -10.00 0.00 -71.95 -18.07 -7.50 -5.11 -0.00 -2.39 -0.00
206 -31.78 -8.76 15.00 -50.00 -10.00 0.00 -81.11 -2.69 0.00 -50.00 -10.00 0.00 -76.24 -18.09 -10.86 -8.74 -0.00 -2.12 -0.00
207 30.00 -8.38 15.00 -50.00 -10.00 0.00 -80.92 -2.96 0.00 -50.00 -10.00 0.00 -78.86 -18.12 -13.10 -11.22 -0.00 -1.88 -0.00
208 -50.00 -6.38 15.00 -50.00 -10.00 0.00 -80.74 -3.23 0.00 -50.00 -10.00 0.00 -74.79 -18.13 -6.77 -5.11 -0.00 -1.67 -0.00
209 -35.13 -6.39 15.00 -50.00 -10.00 0.00 -80.56 -3.49 0.00 -50.00 -10.00 0.00 -76.49 -18.15 -10.21 -8.74 -0.00 -1.47 -0.00
210 25.37 -6.16 15.00 -50.00 -10.00 0.00 -80.38 -3.74 0.00 -50.00 -10.00 0.00 -78.46 -18.18 -12.52 -11.22 -0.00 -1.30 -0.00
211 30.00 -0.51 15.00 -50.00 -10.00 0.00 -80.20 -3.98 0.00 -50.00 -10.00 0.00 -79.68 -18.22 -13.94 -12.80 -0.00 -1.15 -0.00
212 -50.00 1.49 15.00 -50.00 -10.00 0.00 -80.03 -4.22 0.00 -50.00 -10.00 0.00 -74.36 -18.23 -6.12 -5.11 -0.00 -1.01 -0.00
213 -45.55 1.28 15.00 -50.00 -10.00 0.00 -79.86 -4.46 0.00 -50.00 -10.00 0.00 -75.89 -18.24 -9.63 -8.74 -0.00 -0.89 -0.00
214 -33.15 1.12 15.00 -50.00 -10.00 0.00 -79.69 -4.69 0.00 -50.00 -10.00 0.00 -77.93 -18.27 -12.00 -11.22 -0.00 -0.78 -0.00
215 22.89 1.19 15.00 -50.00 -10.00 0.00 -79.52 -4.91 0.00 -50.00 -10.00 0.00 -79.26 -18.30 -13.49 -12.80 -0.00 -0.69 -0.00
216 30.00 6.06 15.00 -50.00 -10.00 0.00 -79.35 -5.13 0.00 -50.00 -10.00 0.00 -79.93 -18.33 -14.29 -13.68 -0.00 -0.61 -0.00
217 -50.00 8.06 15.00 -50.00 -10.00 0.00 -79.19 -5.35 0.00 -50.00 -10.00 0.00 -73.96 -18.33 -5.64 -5.11 -0.00 -0.53 -0.00
218 -53.78 7.69 15.00 -50.00 -10.00 0.00 -79.03 -5.56 0.00 -50.00 -10.00 0.00 -75.39 -18.34 -9.21 -8.74 -0.00 -0.47 -0.00
219 -60.54 7.29 15.00 -50.00 -10.00 0.00 -78.87 -5.76 0.00 -50.00 -10.00 0.00 -77.49 -18.36 -11.63 -11.22 -0.00 -0.41 -0.00
220 -68.90 6.87 15.00 -50.00 -10.00 0.00 -78.72 -5.96 0.00 -50.00 -10.00 0.00 -78.91 -18.39 -13.15 -12.80 -0.00 -0.36 -0.00
221 -74.34 6.44 15.00 -50.00 -10.00 0.00 -78.56 -6.15 0.00 -50.00 -10.00 0.00 -79.63 -18.42 -14.00 -13.68 -0.00 -0.31 -0.00
222 -75.91 6.00 15.00 -50.00 -10.00 0.00 -78.41 -6.34 0.00 -50.00 -10.00 0.00 -79.90 -18.45 -14.33 -14.05 -0.00 -0.28 -0.00
223 -75.95 5.58 15.00 -50.00 -10.00 0.00 -78.26 -6.53 0.00 -50.00 -10.00 0.00 -79.87 -18.48 -14.27 -14.02 -0.00 -0.24 -0.00
224 -75.65 5.17 15.00 -50.00 -10.00 0.00 -78.11 -6.71 0.00 -50.00 -10.00 0.00 -79.62 -18.51 -13.92 -13.71 -0.00 -0.21 -0.00
225 -75.28 4.76 15.00 -50.00 -10.00 0.00 -77.97 -6.89 0.00 -50.00 -10.00 0.00 -79.22 -18.54 -13.38 -13.20 -0.00 -0.18 -0.00
226 -74.89 4.37 15.00 -50.00 -10.00 0.00 -77.82 -7.06 0.00 -50.00 -10.00 0.00 -78.71 -18.56 -12.71 -12.55 -0.00 -0.16 -0.00
227 -74.49 3.98 15.00 -50.00 -10.00 0.00 -77.68 -7.23 0.00 -50.00 -10.00 0.00 -78.12 -18.58 -11.95 -11.81 -0.00 -0.14 -0.00
228 -74.09 3.60 15.00 -50.00 -10.00 0.00 -77.54 -7.40 0.00 -50.00 -10.00 0.00 -77.47 -18.60 -11.15 -11.02 -0.00 -0.12 -0.00
229 -73.69 3.24 15.00 -50.00 -10.00 0.00 -77.40 -7.56 0.00 -50.00 -10.00 0.00 -76.77 -18.61 -10.32 -10.22 -0.00 -0.11 -0.00
230 -73.28 2.88 15.00 -50.00 -10.00 0.00 -77.27 -7.72 0.00 -50.00 -10.00 0.00 -76.05 -18.62 -9.51 -9.41 -0.00 -0.09 -0.00
231 -72.87 2.53 15.00 -50.00 -10.00 0.00 -77.13 -7.87 0.00 -50.00 -10.00 0.00 -75.32 -18.62 -8.71 -8.63 -0.00 -0.08 -0.00
232 -72.46 2.19 15.00 -50.00 -10.00 0.00 -77.00 -8.02 0.00 -50.00 -10.00 0.00 -74.57 -18.62 -7.95 -7.88 -0.00 -0.07 -0.00
233 -72.04 1.86 15.00 -50.00 -10.00 0.00 -76.87 -8.17 0.00 -50.00 -10.00 0.00 -73.83 -18.62 -7.22 -7.16 -0.00 -0.06 -0.00
234 -71.61 1.53 15.00 -50.00 -10.00 0.00 -76.74 -8.31 0.00 -50.00 -10.00 0.00 -73.08 -18.61 -6.54 -6.49 -0.00 -0.05 -0.00
235 -71.17 1.22 15.00 -50.00 -10.00 0.00 -76.62 -8.45 0.00 -50.00 -10.00 0.00 -72.34 -18.60 -5.90 -5.86 -0.00 -0.05 -0.00
236 -70.72 0.91 15.00 -50.00 -10.00 0.00 -76.49 -8.59 0.00 -50.00 -10.00 0.00 -71.61 -18.59 -5.32 -5.27 -0.00 -0.04 -0.00
237 -70.27 0.61 15.00 -50.00 -10.00 0.00 -76.37 -8.72 0.00 -50.00 -10.00 0.00 -70.88 -18.57 -4.77 -4.74 -0.00 -0.04 -0.00
238 -69.80 0.32 15.00 -50.00 -10.00 0.00 -76.25 -8.85 0.00 -50.00 -10.00 0.00 -70.17 -18.55 -4.28 -4.25 -0.00 -0.03 -0.00
239 -69.32 0.04 15.00 -50.00 -10.00 0.00 -76.13 -8.98 0.00 -50.00 -10.00 0.00 -69.47 -18.52 -3.83 -3.80 -0.00 -0.03 -0.00
240 -68.82 -0.24 15.00 -50.00 -10.00 0.00 -76.01 -9.11 0.00 -50.00 -10.00 0.00 -68.78 -18.50 -3.42 -3.39 -0.00 -0.02 -0.00
241 -68.31 -0.51 15.00 -50.00 -10.00 0.00 -75.89 -9.23 0.00 -50.00 -10.00 0.00 -68.09 -18.47 -3.04 -3.02 -0.00 -0.02 -0.00
242 -67.77 -0.77 15.00 -50.00 -10.00 0.00 -75.78 -9.35 0.00 -50.00 -10.00 0.00 -67.41 -18.44 -2.71 -2.69 -0.00 -0.02 -0.00
243 -67.21 -1.02 15.00 -50.00 -10.00 0.00 -75.67 -9.46 0.00 -50.00 -10.00 0.00 -66.74 -18.40 -2.41 -2.39 -0.00 -0.02 -0.00
244 -66.61 -1.27 15.00 -50.00 -10.00 0.00 -75.56 -9.58 0.00 -50.00 -10.00 0.00 -66.06 -18.36 -2.13 -2.12 -0.00 -0.01 -0.00
245 -65.97 -1.51 15.00 -50.00 -10.00 0.00 -75.45 -9.69 0.00 -50.00 -10.00 0.00 -65.38 -18.32 -1.89 -1.88 -0.00 -0.01 -0.00
246 -65.28 -1.74 15.00 -50.00 -10.00 0.00 -75.34 -9.79 0.00 -50.00 -10.00 0.00 -64.69 -18.28 -1.67 -1.66 -0.00 -0.01 -0.00
247 -64.53 -1.96 15.00 -50.00 -10.00 0.00 -75.24 -9.90 0.00 -50.00 -10.00 0.00 -63.98 -18.23 -1.48 -1.47 -0.00 -0.01 -0.00
248 -63.68 -2.18 15.00 -50.00 -10.00 0.00 -75.13 -10.00 0.00 -50.00 -10.00 0.00 -63.23 -18.19 -1.31 -1.30 -0.00 -0.01 -0.00
249 -62.72 -2.38 15.00 -50.00 -10.00 0.00 -75.03 -10.10 0.00 -50.00 -10.00 0.00 -62.44 -18.13 -1.15 -1.15 -0.00 -0.01 -0.00
250 -61.58 -2.58 15.00 -50.00 -10.00 0.00 -74.93 -10.20 0.00 -50.00 -10.00 0.00 -61.56 -18.08 -1.02 -1.01 -0.00 -0.01 -0.00
251 -60.18 -2.77 15.00 -50.00 -10.00 0.00 -74.83 -10.29 0.00 -50.00 -10.00 0.00 -60.57 -18.02 -0.89 -0.89 -0.00 -0.00 -0.00
252 -58.35 -2.95 15.00 -50.00 -10.00 0.00 -74.74 -10.39 0.00 -50.00 -10.00 0.00 -59.39 -17.96 -0.79 -0.78 -0.00 -0.00 -0.00
253 -55.74 -3.11 15.00 -50.00 -10.00 0.00 -74.64 -10.48 0.00 -50.00 -10.00 0.00 -57.89 -17.89 -0.69 -0.69 -0.00 -0.00 -0.00
254 -51.48 -3.26 15.00 -50.00 -10.00 0.00 -74.55 -10.57 0.00 -50.00 -10.00 0.00 -55.82 -17.81 -0.61 -0.60 -0.00 -0.00 -0.00
255 -42.88 -3.36 15.00 -50.00 -10.00 0.00 -74.45 -10.65 0.00 -50.00 -10.00 0.00 -52.60 -17.72 -0.53 -0.53 -0.00 -0.00 -0.00
256 -16.95 -3.36 15.00 -50.00 -10.00 0.00 -74.36 -10.74 0.00 -50.00 -10.00 0.00 -46.58 -17.59 -0.47 -0.47 -0.00 -0.00 -0.00
257 30.00 -2.57 15.00 -50.00 -10.00 0.00 -74.27 -10.82 0.00 -50.00 -10.00 0.00 -31.38 -17.40 -0.41 -0.41 -0.00 -0.00 -0.00
258 -50.00 -0.57 15.00 -50.00 -10.00 0.00 -74.19 -10.90 0.00 -50.00 -10.00 0.00 30.00 -16.90 -5.11 -5.11 -0.00 -0.00 -0.00
259 -42.88 -0.73 15.00 -50.00 -10.00 0.00 -74.10 -10.98 0.00 -50.00 -10.00 0.00 -65.00 -10.90 -5.11 -5.11 -0.00 -0.00 -0.00
260 -21.08 -0.80 15.00 -50.00 -10.00 0.00 -74.01 -11.06 0.00 -50.00 -10.00 0.00 -79.17 -11.07 -11.22 -11.22 -0.00 -0.00 -0.00
261 30.00 -0.27 15.00 -50.00 -10.00 0.00 -73.93 -11.13 0.00 -50.00 -10.00 0.00 -83.51 -11.27 -12.80 -12.80 -0.00 -0.00 -0.00
262 -50.00 1.73 15.00 -50.00 -10.00 0.00 -73.85 -11.20 0.00 -50.00 -10.00 0.00 -78.84 -11.44 -5.11 -5.11 -0.00 -0.00 -0.00
263 -45.85 1.51 15.00 -50.00 -10.00 0.00 -73.77 -11.27 0.00 -50.00 -10.00 0.00 -80.73 -11.61 -8.74 -8.74 -0.00 -0.00 -0.00
264 -34.41 1.34 15.00 -50.00 -10.00 0.00 -73.69 -11.34 0.00 -50.00 -10.00 0.00 -82.32 -11.79 -11.22 -11.22 -0.00 -0.00 -0.00
265 15.06 1.37 15.00 -50.00 -10.00 0.00 -73.61 -11.41 0.00 -50.00 -10.00 0.00 -83.24 -11.97 -12.80 -12.80 -0.00 -0.00 -0.00
266 30.00 4.97 15.00 -50.00 -10.00 0.00 -73.53 -11.48 0.00 -50.00 -10.00 0.00 -83.68 -12.15 -13.69 -13.68 -0.00 -0.00 -0.00
267 -50.00 6.97 15.00 -50.00 -10.00 0.00 -73.46 -11.54 0.00 -50.00 -10.00 0.00 -78.26 -12.30 -5.11 -5.11 -0.00 -0.00 -0.00
268 -52.44 6.62 15.00 -50.00 -10.00 0.00 -73.38 -11.60 0.00 -50.00 -10.00 0.00 -80.11 -12.45 -8.74 -8.74 -0.00 -0.00 -0.00
269 -56.96 6.26 15.00 -50.00 -10.00 0.00 -73.31 -11.66 0.00 -50.00 -10.00 0.00 -81.77 -12.61 -11.22 -11.22 -0.00 -0.00 -0.00
270 -63.74 5.88 15.00 -50.00 -10.00 0.00 -73.24 -11.72 0.00 -50.00 -10.00 0.00 -82.73 -12.78 -12.80 -12.80 -0.00 -0.00 -0.00
271 -70.38 5.48 15.00 -50.00 -10.00 0.00 -73.17 -11.78 0.00 -50.00 -10.00 0.00 -83.20 -12.94 -13.69 -13.68 -0.00 -0.00 -0.00
272 -73.87 5.07 15.00 -50.00 -10.00 0.00 -73.10 -11.84 0.00 -50.00 -10.00 0.00 -83.33 -13.09 -14.05 -14.05 -0.00 -0.00 -0.00
273 -74.75 4.67 15.00 -50.00 -10.00 0.00 -73.03 -11.89 0.00 -50.00 -10.00 0.00 -83.23 -13.25 -14.02 -14.02 -0.00 -0.00 -0.00
274 -74.69 4.28 15.00 -50.00 -10.00 0.00 -72.97 -11.95 0.00 -50.00 -10.00 0.00 -82.95 -13.40 -13.71 -13.71 -0.00 -0.00 -0.00
275 -74.38 3.90 15.00 -50.00 -10.00 0.00 -72.90 -12.00 0.00 -50.00 -10.00 0.00 -82.55 -13.54 -13.20 -13.20 -0.00 -0.00 -0.00
276 -74.00 3.52 15.00 -50.00 -10.00 0.00 -72.84 -12.05 0.00 -50.00 -10.00 0.00 -82.05 -13.68 -12.55 -12.55 -0.00 -0.00 -0.00
277 -73.60 3.16 15.00 -50.00 -10.00 0.00 -72.78 -12.10 0.00 -50.00 -10.00 0.00 -81.49 -13.82 -11.81 -11.81 -0.00 -0.00 -0.00
278 -73.20 2.80 15.00 -50.00 -10.00 0.00 -72.72 -12.15 0.00 -50.00 -10.00 0.00 -80.88 -13.94 -11.02 -11.02 -0.00 -0.00 -0.00
279 -72.78 2.46 15.00 -50.00 -10.00 0.00 -72.66 -12.20 0.00 -50.00 -10.00 0.00 -80.25 -14.07 -10.22 -10.22 -0.00 -0.00 -0.00
280 -72.37 2.12 15.00 -50.00 -10.00 0.00 -72.60 -12.25 0.00 -50.00 -10.00 0.00 -79.60 -14.18 -9.41 -9.41 -0.00 -0.00 -0.00
281 -71.94 1.79 15.00 -50.00 -10.00 0.00 -72.54 -12.29 0.00 -50.00 -10.00 0.00 -78.94 -14.29 -8.63 -8.63 -0.00 -0.00 -0.00
282 -71.51 1.47 15.00 -50.00 -10.00 0.00 -72.48 -12.33 0.00 -50.00 -10.00 0.00 -78.28 -14.40 -7.88 -7.88 -0.00 -0.00 -0.00
283 -71.07 1.15 15.00 -50.00 -10.00 0.00 -72.43 -12.38 0.00 -50.00 -10.00 0.00 -77.62 -14.50 -7.16 -7.16 -0.00 -0.00 -0.00
284 -70.63 0.85 15.00 -50.00 -10.00 0.00 -72.37 -12.42 0.00 -50.00 -10.00 0.00 -76.98 -14.59 -6.49 -6.49 -0.00 -0.00 -0.00
285 -70.17 0.55 15.00 -50.00 -10.00 0.00 -72.32 -12.46 0.00 -50.00 -10.00 0.00 -76.36 -14.68 -5.86 -5.86 -0.00 -0.00 -0.00
286 -69.70 0.26 15.00 -50.00 -10.00 0.00 -72.26 -12.50 0.00 -50.00 -10.00 0.00 -75.75 -14.77 -5.27 -5.27 -0.00 -0.00 -0.00
287 -69.21 -0.02 15.00 -50.00 -10.00 0.00 -72.21 -12.54 0.00 -50.00 -10.00 0.00 -75.16 -14.85 -4.74 -4.74 -0.00 -0.00 -0.00
288 -68.71 -0.30 15.00 -50.00 -10.00 0.00 -72.16 -12.58 0.00 -50.00 -10.00 0.00 -74.59 -14.93 -4.25 -4.25 -0.00 -0.00 -0.00
289 -68.19 -0.56 15.00 -50.00 -10.00 0.00 -72.11 -12.61 0.00 -50.00 -10.00 0.00 -74.04 -15.00 -3.80 -3.80 -0.00 -0.00 -0.00
290 -67.65 -0.82 15.00 -50.00 -10.00 0.00 -72.06 -12.65 0.00 -50.00 -10.00 0.00 -73.51 -15.07 -3.39 -3.39 -0.00 -0.00 -0.00
291 -67.08 -1.08 15.00 -50.00 -10.00 0.00 -72.02 -12.69 0.00 -50.00 -10.00 0.00 -73.01 -15.13 -3.02 -3.02 -0.00 -0.00 -0.00
292 -66.47 -1.32 15.00 -50.00 -10.00 0.00 -71.97 -12.72 0.00 -50.00 -10.00 0.00 -72.53 -15.19 -2.69 -2.69 -0.00 -0.00 -0.00
293 -65.83 -1.56 15.00 -50.00 -10.00 0.00 -71.92 -12.75 0.00 -50.00 -10.00 0.00 -72.07 -15.25 -2.39 -2.39 -0.00 -0.00 -0.00
294 -65.12 -1.79 15.00 -50.00 -10.00 0.00 -71.88 -12.79 0.00 -50.00 -10.00 0.00 -71.63 -15.30 -2.12 -2.12 -0.00 -0.00 -0.00
295 -64.35 -2.01 15.00 -50.00 -10.00 0.00 -71.84 -12.82 0.00 -50.00 -10.00 0.00 -71.22 -15.35 -1.88 -1.88 -0.00 -0.00 -0.00
296 -63.49 -2.22 15.00 -50.00 -10.00 0.00 -71.79 -12.85 0.00 -50.00 -10.00 0.00 -70.82 -15.40 -1.66 -1.66 -0.00 -0.00 -0.00
297 -62.49 -2.43 15.00 -50.00 -10.00 0.00 -71.75 -12.88 0.00 -50.00 -10.00 0.00 -70.45 -15.44 -1.47 -1.47 -0.00 -0.00 -0.00
298 -61.31 -2.62 15.00 -50.00 -10.00 0.00 -71.71 -12.91 0.00 -50.00 -10.00 0.00 -70.10 -15.48 -1.30 -1.30 -0.00 -0.00 -0.00
299 -59.83 -2.81 15.00 -50.00 -10.00 0.00 -71.67 -12.94 0.00 -50.00 -10.00 0.00 -69.76 -15.52 -1.15 -1.15 -0.00 -0.00 -0.00
300 -57.87 -2.99 15.00 -50.00 -10.00 0.00 -71.63 -12.96 0.00 -50.00 -10.00 0.00 -69.44 -15.56 -1.01 -1.01 -0.00 -0.00 -0.00
301 -70.66 -3.21 0.00 -30.12 -9.92 15.00 -71.59 -12.99 0.00 -50.00 -10.00 0.00 -69.14 -15.59 -0.89 -0.89 -0.00 -0.00 -0.00
302 -78.81 -3.46 0.00 30.00 -9.46 15.00 -71.55 -13.02 0.00 -50.00 -10.00 0.00 -68.86 -15.63 -0.78 -0.78 -0.00 -0.00 -0.00
303 -80.23 -3.71 0.00 -50.00 -7.46 15.00 -71.52 -13.04 0.00 -50.00 -10.00 0.00 -73.35 -15.68 -6.30 -0.69 -5.61 -0.00 -0.00
304 -80.21 -3.96 0.00 -33.65 -7.44 15.00 -71.48 -13.07 0.00 -50.00 -10.00 0.00 -77.87 -15.76 -10.14 -0.60 -9.53 -0.00 -0.00
305 -80.05 -4.20 0.00 30.00 -7.15 15.00 -71.44 -13.09 0.00 -50.00 -10.00 0.00 -80.38 -15.84 -12.68 -0.53 -12.15 -0.00 -0.00
306 -79.87 -4.43 0.00 -50.00 -5.15 15.00 -71.41 -13.12 0.00 -50.00 -10.00 0.00 -76.13 -15.91 -6.08 -0.47 -5.61 -0.00 -0.00
307 -79.70 -4.66 0.00 -36.80 -5.19 15.00 -71.38 -13.14 0.00 -50.00 -10.00 0.00 -78.16 -15.98 -9.94 -0.41 -9.53 -0.00 -0.00
308 -79.54 -4.89 0.00 13.78 -5.03 15.00 -71.34 -13.16 0.00 -50.00 -10.00 0.00 -80.15 -16.06 -12.50 -0.36 -12.15 -0.00 -0.00
309 -79.37 -5.11 0.00 30.00 -1.37 15.00 -71.31 -13.18 0.00 -50.00 -10.00 0.00 -81.30 -16.14 -14.07 -0.31 -13.76 -0.00 -0.00
310 -79.21 -5.32 0.00 -50.00 0.63 15.00 -71.28 -13.20 0.00 -50.00 -10.00 0.00 -75.88 -16.20 -5.88 -0.27 -5.61 -0.00 -0.00
311 -79.05 -5.53 0.00 -44.44 0.44 15.00 -71.25 -13.23 0.00 -50.00 -10.00 0.00 -77.79 -16.27 -9.77 -0.24 -9.53 -0.00 -0.00
312 -78.89 -5.74 0.00 -28.35 0.32 15.00 -71.22 -13.25 0.00 -50.00 -10.00 0.00 -79.82 -16.34 -12.36 -0.21 -12.15 -0.00 -0.00
313 -78.73 -5.94 0.00 30.00 0.54 15.00 -71.19 -13.27 0.00 -50.00 -10.00 0.00 -81.01 -16.42 -13.94 -0.18 -13.76 -0.00 -0.00
314 -78.58 -6.13 0.00 -50.00 2.54 15.00 -71.16 -13.29 0.00 -50.00 -10.00 0.00 -75.58 -16.47 -5.77 -0.16 -5.61 -0.00 -0.00
315 -78.43 -6.33 0.00 -46.90 2.30 15.00 -71.13 -13.30 0.00 -50.00 -10.00 0.00 -77.47 -16.53 -9.67 -0.14 -9.53 -0.00 -0.00
316 -78.28 -6.51 0.00 -38.60 2.10 15.00 -71.10 -13.32 0.00 -50.00 -10.00 0.00 -79.55 -16.59 -12.27 -0.12 -12.15 -0.00 -0.00
317 -78.13 -6.69 0.00 -7.87 2.03 15.00 -71.08 -13.34 0.00 -50.00 -10.00 0.00 -80.78 -16.67 -13.86 -0.11 -13.76 -0.00 -0.00
318 -77.98 -6.87 0.00 30.00 3.20 15.00 -71.05 -13.36 0.00 -50.00 -10.00 0.00 -81.36 -16.74 -14.70 -0.09 -14.61 -0.00 -0.00
319 -77.84 -7.05 0.00 -50.00 5.20 15.00 -71.02 -13.37 0.00 -50.00 -10.00 0.00 -75.33 -16.78 -5.69 -0.08 -5.61 -0.00 -0.00
320 -77.69 -7.22 0.00 -50.25 4.89 15.00 -71.00 -13.39 0.00 -50.00 -10.00 0.00 -77.15 -16.83 -9.60 -0.07 -9.53 -0.00 -0.00
321 -77.55 -7.38 0.00 -50.43 4.60 15.00 -70.97 -13.41 0.00 -50.00 -10.00 0.00 -79.25 -16.89 -12.21 -0.06 -12.15 -0.00 -0.00
322 -77.42 -7.54 0.00 -50.44 4.30 15.00 -70.95 -13.42 0.00 -50.00 -10.00 0.00 -80.53 -16.96 -13.81 -0.05 -13.76 -0.00 -0.00
323 -77.28 -7.70 0.00 -50.12 4.02 15.00 -70.93 -13.44 0.00 -50.00 -10.00 0.00 -81.13 -17.02 -14.66 -0.05 -14.61 -0.00 -0.00
324 -77.15 -7.86 0.00 -49.03 3.74 15.00 -70.90 -13.45 0.00 -50.00 -10.00 0.00 -81.30 -17.09 -14.93 -0.04 -14.89 -0.00 -0.00
325 -77.01 -8.01 0.00 -46.12 3.48 15.00 -70.88 -13.47 0.00 -50.00 -10.00 0.00 -81.19 -17.15 -14.80 -0.04 -14.76 -0.00 -0.00
326 -76.88 -8.15 0.00 -37.98 3.26 15.00 -70.86 -13.48 0.00 -50.00 -10.00 0.00 -80.87 -17.21 -14.36 -0.03 -14.33 -0.00 -0.00
327 -76.75 -8.30 0.00 -6.96 3.16 15.00 -70.84 -13.50 0.00 -50.00 -10.00 0.00 -80.40 -17.27 -13.72 -0.03 -13.70 -0.00 -0.00
328 -76.63 -8.44 0.00 30.00 4.36 15.00 -70.82 -13.51 0.00 -50.00 -10.00 0.00 -79.83 -17.32 -12.95 -0.02 -12.93 -0.00 -0.00
329 -76.50 -8.58 0.00 -50.00 6.36 15.00 -70.80 -13.52 0.00 -50.00 -10.00 0.00 -74.68 -17.35 -5.63 -0.02 -5.61 -0.00 -0.00
330 -76.38 -8.71 0.00 -51.69 6.03 15.00 -70.78 -13.53 0.00 -50.00 -10.00 0.00 -76.55 -17.39 -9.55 -0.02 -9.53 -0.00 -0.00
331 -76.26 -8.84 0.00 -54.83 5.69 15.00 -70.76 -13.55 0.00 -50.00 -10.00 0.00 -78.75 -17.43 -12.16 -0.02 -12.15 -0.00 -0.00
332 -76.14 -8.97 0.00 -60.01 5.33 15.00 -70.74 -13.56 0.00 -50.00 -10.00 0.00 -80.10 -17.49 -13.77 -0.01 -13.76 -0.00 -0.00
333 -76.02 -9.09 0.00 -66.46 4.96 15.00 -70.72 -13.57 0.00 -50.00 -10.00 0.00 -80.74 -17.54 -14.62 -0.01 -14.61 -0.00 -0.00
334 -75.91 -9.22 0.00 -71.44 4.58 15.00 -70.70 -13.58 0.00 -50.00 -10.00 0.00 -80.93 -17.59 -14.90 -0.01 -14.89 -0.00 -0.00
335 -75.79 -9.33 0.00 -73.57 4.19 15.00 -70.68 -13.59 0.00 -50.00 -10.00 0.00 -80.83 -17.65 -14.77 -0.01 -14.76 -0.00 -0.00
336 -75.68 -9.45 0.00 -73.99 3.81 15.00 -70.66 -13.60 0.00 -50.00 -10.00 0.00 -80.51 -17.69 -14.34 -0.01 -14.33 -0.00 -0.00
337 -75.57 -9.56 0.00 -73.82 3.44 15.00 -70.65 -13.61 0.00 -50.00 -10.00 0.00 -80.05 -17.74 -13.70 -0.01 -13.70 -0.00 -0.00
338 -75.46 -9.67 0.00 -73.48 3.08 15.00 -70.63 -13.62 0.00 -50.00 -10.00 0.00 -79.48 -17.78 -12.93 -0.01 -12.93 -0.00 -0.00
339 -75.35 -9.78 0.00 -73.09 2.72 15.00 -70.62 -13.63 0.00 -50.00 -10.00 0.00 -78.83 -17.82 -12.08 -0.00 -12.08 -0.00 -0.00
340 -75.25 -9.89 0.00 -72.68 2.38 15.00 -70.60 -13.64 0.00 -50.00 -10.00 0.00 -78.12 -17.86 -11.20 -0.00 -11.20 -0.00 -0.00
341 -75.15 -9.99 0.00 -72.27 2.04 15.00 -70.58 -13.65 0.00 -50.00 -10.00 0.00 -77.39 -17.89 -10.31 -0.00 -10.30 -0.00 -0.00
342 -75.04 -10.09 0.00 -71.84 1.71 15.00 -70.57 -13.66 0.00 -50.00 -10.00 0.00 -76.63 -17.91 -9.43 -0.00 -9.43 -0.00 -0.00
343 -74.94 -10.19 0.00 -71.41 1.39 15.00 -70.55 -13.67 0.00 -50.00 -10.00 0.00 -75.86 -17.93 -8.58 -0.00 -8.58 -0.00 -0.00
344 -74.84 -10.28 0.00 -70.97 1.08 15.00 -70.54 -13.68 0.00 -50.00 -10.00 0.00 -75.09 -17.95 -7.78 -0.00 -7.77 -0.00 -0.00
345 -74.75 -10.38 0.00 -70.52 0.78 15.00 -70.53 -13.69 0.00 -50.00 -10.00 0.00 -74.32 -17.96 -7.02 -0.00 -7.02 -0.00 -0.00
346 -74.65 -10.47 0.00 -70.06 0.48 15.00 -70.51 -13.70 0.00 -50.00 -10.00 0.00 -73.56 -17.97 -6.31 -0.00 -6.31 -0.00 -0.00
347 -74.56 -10.56 0.00 -69.59 0.19 15.00 -70.50 -13.71 0.00 -50.00 -10.00 0.00 -72.81 -17.98 -5.66 -0.00 -5.66 -0.00 -0.00
348 -74.46 -10.64 0.00 -69.10 -0.09 15.00 -70.49 -13.71 0.00 -50.00 -10.00 0.00 -72.08 -17.98 -5.06 -0.00 -5.06 -0.00 -0.00
349 -74.37 -10.73 0.00 -68.60 -0.36 15.00 -70.47 -13.72 0.00 -50.00 -10.00 0.00 -71.36 -17.97 -4.52 -0.00 -4.51 -0.00 -0.00
350 -74.28 -10.81 0.00 -68.07 -0.62 15.00 -70.46 -13.73 0.00 -50.00 -10.00 0.00 -70.66 -17.97 -4.02 -0.00 -4.02 -0.00 -0.00
351 -74.20 -10.89 0.00 -67.52 -0.88 15.00 -70.45 -13.74 0.00 -50.00 -10.00 0.00 -69.98 -17.96 -3.57 -0.00 -3.57 -0.00 -0.00
352 -74.11 -10.97 0.00 -66.94 -1.13 15.00 -70.44 -13.74 0.00 -50.00 -10.00 0.00 -69.31 -17.95 -3.16 -0.00 -3.16 -0.00 -0.00
353 -74.02 -11.05 0.00 -66.33 -1.38 15.00 -70.43 -13.75 0.00 -50.00 -10.00 0.00 -68.66 -17.93 -2.80 -0.00 -2.80 -0.00 -0.00
354 -73.94 -11.12 0.00 -65.67 -1.61 15.00 -70.42 -13.76 0.00 -50.00 -10.00 0.00 -68.02 -17.91 -2.47 -0.00 -2.47 -0.00 -0.00
355 -73.86 -11.20 0.00 -64.95 -1.84 15.00 -70.41 -13.76 0.00 -50.00 -10.00 0.00 -67.40 -17.89 -2.18 -0.00 -2.18 -0.00 -0.00
356 -73.78 -11.27 0.00 -64.16 -2.06 15.00 -70.40 -13.77 0.00 -50.00 -10.00 0.00 -66.79 -17.87 -1.92 -0.00 -1.92 -0.00 -0.00
357 -73.70 -11.34 0.00 -63.27 -2.27 15.00 -70.38 -13.77 0.00 -50.00 -10.00 0.00 -66.18 -17.84 -1.69 -0.00 -1.69 -0.00 -0.00
358 -73.62 -11.40 0.00 -62.24 -2.47 15.00 -70.37 -13.78 0.00 -50.00 -10.00 0.00 -65.58 -17.81 -1.49 -0.00 -1.49 -0.00 -0.00
359 -73.54 -11.47 0.00 -61.00 -2.67 15.00 -70.37 -13.79 0.00 -50.00 -10.00 0.00 -64.98 -17.78 -1.30 -0.00 -1.30 -0.00 -0.00
360 -73.47 -11.53 0.00 -59.43 -2.85 15.00 -70.36 -13.79 0.00 -50.00 -10.00 0.00 -64.38 -17.75 -1.14 -0.00 -1.14 -0.00 -0.00
361 -73.39 -11.60 0.00 -57.31 -3.02 15.00 -70.35 -13.80 0.00 -50.00 -10.00 0.00 -63.77 -17.71 -1.00 -0.00 -1.00 -0.00 -0.00
362 -73.32 -11.66 0.00 -54.13 -3.18 15.00 -70.34 -13.80 0.00 -50.00 -10.00 0.00 -63.14 -17.67 -0.88 -0.00 -0.88 -0.00 -0.00
363 -73.25 -11.72 0.00 -48.48 -3.31 15.00 -70.33 -13.81 0.00 -50.00 -10.00 0.00 -62.47 -17.63 -0.77 -0.00 -0.77 -0.00 -0.00
364 -73.18 -11.78 0.00 -35.29 -3.39 15.00 -70.32 -13.81 0.00 -50.00 -10.00 0.00 -61.76 -17.59 -0.67 -0.00 -0.67 -0.00 -0.00
365 -73.11 -11.83 0.00 18.76 -3.24 15.00 -70.31 -13.82 0.00 -50.00 -10.00 0.00 -60.97 -17.54 -0.59 -0.00 -0.59 -0.00 -0.00
366 -73.04 -11.89 0.00 30.00 1.11 15.00 -70.30 -13.82 0.00 -50.00 -10.00 0.00 -60.07 -17.49 -0.51 -0.00 -0.51 -0.00 -0.00
367 -72.98 -11.94 0.00 -50.00 3.11 15.00 -70.30 -13.83 0.00 -50.00 -10.00 0.00 -64.32 -17.46 -5.61 -0.00 -5.61 -0.00 -0.00
368 -72.91 -12.00 0.00 -47.62 2.86 15.00 -70.29 -13.83 0.00 -50.00 -10.00 0.00 -71.87 -17.47 -9.53 -0.00 -9.53 -0.00 -0.00
369 -72.85 -12.05 0.00 -41.33 2.63 15.00 -70.28 -13.84 0.00 -50.00 -10.00 0.00 -77.62 -17.51 -12.15 -0.00 -12.15 -0.00 -0.00
370 -72.78 -12.10 0.00 -20.37 2.50 15.00 -70.27 -13.84 0.00 -50.00 -10.00 0.00 -79.90 -17.56 -13.76 -0.00 -13.76 -0.00 -0.00
371 -72.72 -12.15 0.00 30.00 2.95 15.00 -70.27 -13.85 0.00 -50.00 -10.00 0.00 -80.67 -17.61 -14.61 -0.00 -14.61 -0.00 -0.00
372 -72.66 -12.19 0.00 -50.00 4.95 15.00 -70.26 -13.85 0.00 -50.00 -10.00 0.00 -74.57 -17.63 -5.61 -0.00 -5.61 -0.00 -0.00
373 -72.60 -12.24 0.00 -49.94 4.65 15.00 -70.25 -13.85 0.00 -50.00 -10.00 0.00 -76.30 -17.66 -9.53 -0.00 -9.53 -0.00 -0.00
374 -72.54 -12.29 0.00 -49.44 4.36 15.00 -70.25 -13.86 0.00 -50.00 -10.00 0.00 -78.51 -17.70 -12.15 -0.00 -12.15 -0.00 -0.00
375 -72.49 -12.33 0.00 -47.90 4.08 15.00 -70.24 -13.86 0.00 -50.00 -10.00 0.00 -79.89 -17.75 -13.76 -0.00 -13.76 -0.00 -0.00
376 -72.43 -12.37 0.00 -43.72 3.83 15.00 -70.23 -13.87 0.00 -50.00 -10.00 0.00 -80.55 -17.79 -14.61 -0.00 -14.61 -0.00 -0.00
377 -72.38 -12.42 0.00 -30.89 3.63 15.00 -70.23 -13.87 0.00 -50.00 -10.00 0.00 -80.75 -17.84 -14.89 -0.00 -14.89 -0.00 -0.00
378 -72.32 -12.46 0.00 30.00 3.69 15.00 -70.22 -13.87 0.00 -50.00 -10.00 0.00 -80.65 -17.89 -14.76 -0.00 -14.76 -0.00 -0.00
379 -72.27 -12.50 0.00 -50.00 5.69 15.00 -70.21 -13.88 0.00 -50.00 -10.00 0.00 -74.36 -17.90 -5.61 -0.00 -5.61 -0.00 -0.00
380 -72.22 -12.54 0.00 -50.85 5.37 15.00 -70.21 -13.88 0.00 -50.00 -10.00 0.00 -76.05 -17.92 -9.53 -0.00 -9.53 -0.00 -0.00
381 -72.17 -12.57 0.00 -52.32 5.05 15.00 -70.20 -13.88 0.00 -50.00 -10.00 0.00 -78.28 -17.96 -12.15 -0.00 -12.15 -0.00 -0.00
382 -72.12 -12.61 0.00 -54.89 4.73 15.00 -70.20 -13.89 0.00 -50.00 -10.00 0.00 -79.69 -18.00 -13.76 -0.00 -13.76 -0.00 -0.00
383 -72.07 -12.65 0.00 -59.05 4.40 15.00 -70.19 -13.89 0.00 -50.00 -10.00 0.00 -80.37 -18.04 -14.61 -0.00 -14.61 -0.00 -0.00
384 -72.02 -12.68 0.00 -64.45 4.05 15.00 -70.19 -13.89 0.00 -50.00 -10.00 0.00 -80.58 -18.08 -14.89 -0.00 -14.89 -0.00 -0.00
385 -71.97 -12.72 0.00 -69.27 3.70 15.00 -70.18 -13.89 0.00 -50.00 -10.00 0.00 -80.49 -18.12 -14.76 -0.00 -14.76 -0.00 -0.00
386 -71.93 -12.75 0.00 -71.91 3.33 15.00 -70.18 -13.90 0.00 -50.00 -10.00 0.00 -80.18 -18.16 -14.33 -0.00 -14.33 -0.00 -0.00
387 -71.88 -12.78 0.00 -72.75 2.98 15.00 -70.17 -13.90 0.00 -50.00 -10.00 0.00 -79.71 -18.19 -13.70 -0.00 -13.70 -0.00 -0.00
388 -71.84 -12.81 0.00 -72.77 2.63 15.00 -70.17 -13.90 0.00 -50.00 -10.00 0.00 -79.14 -18.23 -12.93 -0.00 -12.93 -0.00 -0.00
389 -71.80 -12.84 0.00 -72.50 2.28 15.00 -70.16 -13.91 0.00 -50.00 -10.00 0.00 -78.49 -18.25 -12.08 -0.00 -12.08 -0.00 -0.00
390 -71.75 -12.87 0.00 -72.13 1.95 15.00 -70.16 -13.91 0.00 -50.00 -10.00 0.00 -77.78 -18.28 -11.20 -0.00 -11.20 -0.00 -0.00
391 -71.71 -12.90 0.00 -71.72 1.62 15.00 -70.16 -13.91 0.00 -50.00 -10.00 0.00 -77.04 -18.30 -10.30 -0.00 -10.30 -0.00 -0.00
392 -71.67 -12.93 0.00 -71.29 1.31 15.00 -70.15 -13.91 0.00 -50.00 -10.00 0.00 -76.27 -18.31 -9.43 -0.00 -9.43 -0.00 -0.00
393 -71.63 -12.96 0.00 -70.85 1.00 15.00 -70.15 -13.92 0.00 -50.00 -10.00 0.00 -75.49 -18.32 -8.58 -0.00 -8.58 -0.00 -0.00
394 -71.60 -12.99 0.00 -70.40 0.70 15.00 -70.14 -13.92 0.00 -50.00 -10.00 0.00 -74.71 -18.33 -7.77 -0.00 -7.77 -0.00 -0.00
395 -71.56 -13.01 0.00 -69.93 0.40 15.00 -70.14 -13.92 0.00 -50.00 -10.00 0.00 -73.93 -18.33 -7.02 -0.00 -7.02 -0.00 -0.00
396 -71.52 -13.04 0.00 -69.46 0.12 15.00 -70.14 -13.92 0.00 -50.00 -10.00 0.00 -73.15 -18.33 -6.31 -0.00 -6.31 -0.00 -0.00
397 -71.48 -13.06 0.00 -68.96 -0.16 15.00 -70.13 -13.92 0.00 -50.00 -10.00 0.00 -72.39 -18.33 -5.66 -0.00 -5.66 -0.00 -0.00
398 -71.45 -13.09 0.00 -68.45 -0.43 15.00 -70.13 -13.93 0.00 -50.00 -10.00 0.00 -71.64 -18.32 -5.06 -0.00 -5.06 -0.00 -0.00
399 -71.41 -13.11 0.00 -67.92 -0.70 15.00 -70.13 -13.93 0.00 -50.00 -10.00 0.00 -70.90 -18.31 -4.51 -0.00 -4.51 -0.00 -0.00
400 -71.38 -13.14 0.00 -67.37 -0.95 15.00 -70.12 -13.93 0.00 -50.00 -10.00 0.00 -70.18 -18.29 -4.02 -0.00 -4.02 -0.00 -0.00
401 -57.88 -13.11 15.00 -79.29 -1.25 0.00 -70.12 -13.93 0.00 -50.00 -10.00 0.00 -69.47 -18.27 -3.57 -0.00 -3.57 -0.00 -0.00
