1 -50.00 -10.00 0.00 -50.00 -10.00 0.00 -50.00 -10.00 0.00 -50.00 -10.00 0.00 -64.76 -16.25 0.00 -0.00 -0.00 -0.00 -0.00
2 -50.00 -10.00 0.00 -50.00 -10.00 0.00 -50.00 -10.00 0.00 -50.00 -10.00 0.00 -64.57 -16.25 0.00 -0.00 -0.00 -0.00 -0.00
3 -50.00 -10.00 0.00 -50.00 -10.00 0.00 -50.00 -10.00 0.00 -50.00 -10.00 0.00 -64.41 -16.24 0.00 -0.00 -0.00 -0.00 -0.00
4 -50.00 -10.00 0.00 -50.00 -10.00 0.00 -50.00 -10.00 0.00 -50.00 -10.00 0.00 -64.27 -16.24 0.00 -0.00 -0.00 -0.00 -0.00
5 -50.00 -10.00 0.00 -50.00 -10.00 0.00 -50.00 -10.00 0.00 -50.00 -10.00 0.00 -64.16 -16.24 0.00 -0.00 -0.00 -0.00 -0.00
6 -50.00 -10.00 0.00 -50.00 -10.00 0.00 -50.00 -10.00 0.00 -50.00 -10.00 0.00 -64.07 -16.23 0.00 -0.00 -0.00 -0.00 -0.00
7 -50.00 -10.00 0.00 -50.00 -10.00 0.00 -50.00 -10.00 0.00 -50.00 -10.00 0.00 -63.99 -16.23 0.00 -0.00 -0.00 -0.00 -0.00
8 -50.00 -10.00 0.00 -50.00 -10.00 0.00 -50.00 -10.00 0.00 -50.00 -10.00 0.00 -63.93 -16.22 0.00 -0.00 -0.00 -0.00 -0.00
9 -50.00 -10.00 0.00 -50.00 -10.00 0.00 -50.00 -10.00 0.00 -50.00 -10.00 0.00 -63.87 -16.22 0.00 -0.00 -0.00 -0.00 -0.00
10 -50.00 -10.00 0.00 -50.00 -10.00 0.00 -50.00 -10.00 0.00 -50.00 -10.00 0.00 -63.83 -16.21 0.00 -0.00 -0.00 -0.00 -0.00
11 -50.00 -10.00 0.00 -50.00 -10.00 0.00 -50.00 -10.00 0.00 -50.00 -10.00 0.00 -63.80 -16.21 0.00 -0.00 -0.00 -0.00 -0.00
12 -50.00 -10.00 0.00 -50.00 -10.00 0.00 -50.00 -10.00 0.00 -50.00 -10.00 0.00 -63.78 -16.20 0.00 -0.00 -0.00 -0.00 -0.00
13 -50.00 -10.00 0.00 -50.00 -10.00 0.00 -50.00 -10.00 0.00 -50.00 -10.00 0.00 -63.76 -16.20 0.00 -0.00 -0.00 -0.00 -0.00
14 -50.00 -10.00 0.00 -50.00 -10.00 0.00 -50.00 -10.00 0.00 -50.00 -10.00 0.00 -63.75 -16.19 0.00 -0.00 -0.00 -0.00 -0.00
15 -50.00 -10.00 0.00 -50.00 -10.00 0.00 -50.00 -10.00 0.00 -50.00 -10.00 0.00 -63.75 -16.19 0.00 -0.00 -0.00 -0.00 -0.00
16 -50.00 -10.00 0.00 -50.00 -10.00 0.00 -50.00 -10.00 0.00 -50.00 -10.00 0.00 -63.75 -16.18 0.00 -0.00 -0.00 -0.00 -0.00
17 -50.00 -10.00 0.00 -50.00 -10.00 0.00 -50.00 -10.00 0.00 -50.00 -10.00 0.00 -63.76 -16.18 0.00 -0.00 -0.00 -0.00 -0.00
18 -50.00 -10.00 0.00 -50.00 -10.00 0.00 -50.00 -10.00 0.00 -50.00 -10.00 0.00 -63.77 -16.17 0.00 -0.00 -0.00 -0.00 -0.00
19 -50.00 -10.00 0.00 -50.00 -10.00 0.00 -50.00 -10.00 0.00 -50.00 -10.00 0.00 -63.78 -16.17 0.00 -0.00 -0.00 -0.00 -0.00
20 -50.00 -10.00 0.00 -50.00 -10.00 0.00 -50.00 -10.00 0.00 -50.00 -10.00 0.00 -63.80 -16.16 0.00 -0.00 -0.00 -0.00 -0.00
21 -50.00 -10.00 0.00 -50.00 -10.00 0.00 -50.00 -10.00 0.00 -50.00 -10.00 0.00 -63.82 -16.16 0.00 -0.00 -0.00 -0.00 -0.00
22 -50.00 -10.00 0.00 -50.00 -10.00 0.00 -50.00 -10.00 0.00 -50.00 -10.00 0.00 -63.84 -16.15 0.00 -0.00 -0.00 -0.00 -0.00
23 -50.00 -10.00 0.00 -50.00 -10.00 0.00 -50.00 -10.00 0.00 -50.00 -10.00 0.00 -63.86 -16.15 0.00 -0.00 -0.00 -0.00 -0.00
24 -50.00 -10.00 0.00 -50.00 -10.00 0.00 -50.00 -10.00 0.00 -50.00 -10.00 0.00 -63.89 -16.15 0.00 -0.00 -0.00 -0.00 -0.00
25 -50.00 -10.00 0.00 -50.00 -10.00 0.00 -50.00 -10.00 0.00 -50.00 -10.00 0.00 -63.91 -16.14 0.00 -0.00 -0.00 -0.00 -0.00
26 -50.00 -10.00 0.00 -50.00 -10.00 0.00 -50.00 -10.00 0.00 -50.00 -10.00 0.00 -63.94 -16.14 0.00 -0.00 -0.00 -0.00 -0.00
27 -50.00 -10.00 0.00 -50.00 -10.00 0.00 -50.00 -10.00 0.00 -50.00 -10.00 0.00 -63.96 -16.14 0.00 -0.00 -0.00 -0.00 -0.00
28 -50.00 -10.00 0.00 -50.00 -10.00 0.00 -50.00 -10.00 0.00 -50.00 -10.00 0.00 -63.99 -16.13 0.00 -0.00 -0.00 -0.00 -0.00
29 -50.00 -10.00 0.00 -50.00 -10.00 0.00 -50.00 -10.00 0.00 -50.00 -10.00 0.00 -64.01 -16.13 0.00 -0.00 -0.00 -0.00 -0.00
30 -50.00 -10.00 0.00 -50.00 -10.00 0.00 -50.00 -10.00 0.00 -50.00 -10.00 0.00 -64.04 -16.13 0.00 -0.00 -0.00 -0.00 -0.00
31 -50.00 -10.00 0.00 -50.00 -10.00 0.00 -50.00 -10.00 0.00 -50.00 -10.00 0.00 -64.06 -16.13 0.00 -0.00 -0.00 -0.00 -0.00
32 -50.00 -10.00 0.00 -50.00 -10.00 0.00 -50.00 -10.00 0.00 -50.00 -10.00 0.00 -64.09 -16.13 0.00 -0.00 -0.00 -0.00 -0.00
33 -50.00 -10.00 0.00 -50.00 -10.00 0.00 -50.00 -10.00 0.00 -50.00 -10.00 0.00 -64.11 -16.12 0.00 -0.00 -0.00 -0.00 -0.00
34 -50.00 -10.00 0.00 -50.00 -10.00 0.00 -50.00 -10.00 0.00 -50.00 -10.00 0.00 -64.13 -16.12 0.00 -0.00 -0.00 -0.00 -0.00
35 -50.00 -10.00 0.00 -50.00 -10.00 0.00 -50.00 -10.00 0.00 -50.00 -10.00 0.00 -64.15 -16.12 0.00 -0.00 -0.00 -0.00 -0.00
36 -50.00 -10.00 0.00 -50.00 -10.00 0.00 -50.00 -10.00 0.00 -50.00 -10.00 0.00 -64.17 -16.12 0.00 -0.00 -0.00 -0.00 -0.00
37 -50.00 -10.00 0.00 -50.00 -10.00 0.00 -50.00 -10.00 0.00 -50.00 -10.00 0.00 -64.19 -16.12 0.00 -0.00 -0.00 -0.00 -0.00
38 -50.00 -10.00 0.00 -50.00 -10.00 0.00 -50.00 -10.00 0.00 -50.00 -10.00 0.00 -64.21 -16.12 0.00 -0.00 -0.00 -0.00 -0.00
39 -50.00 -10.00 0.00 -50.00 -10.00 0.00 -50.00 -10.00 0.00 -50.00 -10.00 0.00 -64.23 -16.11 0.00 -0.00 -0.00 -0.00 -0.00
40 -50.00 -10.00 0.00 -50.00 -10.00 0.00 -50.00 -10.00 0.00 -50.00 -10.00 0.00 -64.24 -16.11 0.00 -0.00 -0.00 -0.00 -0.00
41 -50.00 -10.00 0.00 -50.00 -10.00 0.00 -50.00 -10.00 0.00 -50.00 -10.00 0.00 -64.26 -16.11 0.00 -0.00 -0.00 -0.00 -0.00
42 -50.00 -10.00 0.00 -50.00 -10.00 0.00 -50.00 -10.00 0.00 -50.00 -10.00 0.00 -64.27 -16.11 0.00 -0.00 -0.00 -0.00 -0.00
43 -50.00 -10.00 0.00 -50.00 -10.00 0.00 -50.00 -10.00 0.00 -50.00 -10.00 0.00 -64.28 -16.11 0.00 -0.00 -0.00 -0.00 -0.00
44 -50.00 -10.00 0.00 -50.00 -10.00 0.00 -50.00 -10.00 0.00 -50.00 -10.00 0.00 -64.30 -16.11 0.00 -0.00 -0.00 -0.00 -0.00
45 -50.00 -10.00 0.00 -50.00 -10.00 0.00 -50.00 -10.00 0.00 -50.00 -10.00 0.00 -64.31 -16.11 0.00 -0.00 -0.00 -0.00 -0.00
46 -50.00 -10.00 0.00 -50.00 -10.00 0.00 -50.00 -10.00 0.00 -50.00 -10.00 0.00 -64.32 -16.11 0.00 -0.00 -0.00 -0.00 -0.00
47 -50.00 -10.00 0.00 -50.00 -10.00 0.00 -50.00 -10.00 0.00 -50.00 -10.00 0.00 -64.32 -16.11 0.00 -0.00 -0.00 -0.00 -0.00
48 -50.00 -10.00 0.00 -50.00 -10.00 0.00 -50.00 -10.00 0.00 -50.00 -10.00 0.00 -64.33 -16.11 0.00 -0.00 -0.00 -0.00 -0.00
49 -50.00 -10.00 0.00 -50.00 -10.00 0.00 -50.00 -10.00 0.00 -50.00 -10.00 0.00 -64.34 -16.11 0.00 -0.00 -0.00 -0.00 -0.00
50 -50.00 -10.00 0.00 -50.00 -10.00 0.00 -50.00 -10.00 0.00 -50.00 -10.00 0.00 -64.35 -16.11 0.00 -0.00 -0.00 -0.00 -0.00
51 -50.00 -10.00 0.00 -50.00 -10.00 0.00 -50.00 -10.00 0.00 -50.00 -10.00 0.00 -64.35 -16.11 0.00 -0.00 -0.00 -0.00 -0.00
52 -50.00 -10.00 0.00 -50.00 -10.00 0.00 -50.00 -10.00 0.00 -50.00 -10.00 0.00 -64.36 -16.11 0.00 -0.00 -0.00 -0.00 -0.00
53 -50.00 -10.00 0.00 -50.00 -10.00 0.00 -50.00 -10.00 0.00 -50.00 -10.00 0.00 -64.37 -16.11 0.00 -0.00 -0.00 -0.00 -0.00
54 -50.00 -10.00 0.00 -50.00 -10.00 0.00 -50.00 -10.00 0.00 -50.00 -10.00 0.00 -64.37 -16.11 0.00 -0.00 -0.00 -0.00 -0.00
55 -50.00 -10.00 0.00 -50.00 -10.00 0.00 -50.00 -10.00 0.00 -50.00 -10.00 0.00 -64.37 -16.11 0.00 -0.00 -0.00 -0.00 -0.00
56 -50.00 -10.00 0.00 -50.00 -10.00 0.00 -50.00 -10.00 0.00 -50.00 -10.00 0.00 -64.38 -16.11 0.00 -0.00 -0.00 -0.00 -0.00
57 -50.00 -10.00 0.00 -50.00 -10.00 0.00 -50.00 -10.00 0.00 -50.00 -10.00 0.00 -64.38 -16.10 0.00 -0.00 -0.00 -0.00 -0.00
58 -50.00 -10.00 0.00 -50.00 -10.00 0.00 -50.00 -10.00 0.00 -50.00 -10.00 0.00 -64.39 -16.10 0.00 -0.00 -0.00 -0.00 -0.00
59 -50.00 -10.00 0.00 -50.00 -10.00 0.00 -50.00 -10.00 0.00 -50.00 -10.00 0.00 -64.39 -16.10 0.00 -0.00 -0.00 -0.00 -0.00
60 -50.00 -10.00 0.00 -50.00 -10.00 0.00 -50.00 -10.00 0.00 -50.00 -10.00 0.00 -64.39 -16.10 0.00 -0.00 -0.00 -0.00 -0.00
61 -50.00 -10.00 0.00 -50.00 -10.00 0.00 -50.00 -10.00 0.00 -50.00 -10.00 0.00 -64.39 -16.10 0.00 -0.00 -0.00 -0.00 -0.00
62 -50.00 -10.00 0.00 -50.00 -10.00 0.00 -50.00 -10.00 0.00 -50.00 -10.00 0.00 -64.40 -16.10 0.00 -0.00 -0.00 -0.00 -0.00
63 -50.00 -10.00 0.00 -50.00 -10.00 0.00 -50.00 -10.00 0.00 -50.00 -10.00 0.00 -64.40 -16.10 0.00 -0.00 -0.00 -0.00 -0.00
64 -50.00 -10.00 0.00 -50.00 -10.00 0.00 -50.00 -10.00 0.00 -50.00 -10.00 0.00 -64.40 -16.10 0.00 -0.00 -0.00 -0.00 -0.00
65 -50.00 -10.00 0.00 -50.00 -10.00 0.00 -50.00 -10.00 0.00 -50.00 -10.00 0.00 -64.40 -16.10 0.00 -0.00 -0.00 -0.00 -0.00
66 -50.00 -10.00 0.00 -50.00 -10.00 0.00 -50.00 -10.00 0.00 -50.00 -10.00 0.00 -64.40 -16.10 0.00 -0.00 -0.00 -0.00 -0.00
67 -50.00 -10.00 0.00 -50.00 -10.00 0.00 -50.00 -10.00 0.00 -50.00 -10.00 0.00 -64.40 -16.10 0.00 -0.00 -0.00 -0.00 -0.00
68 -50.00 -10.00 0.00 -50.00 -10.00 0.00 -50.00 -10.00 0.00 -50.00 -10.00 0.00 -64.40 -16.10 0.00 -0.00 -0.00 -0.00 -0.00
69 -50.00 -10.00 0.00 -50.00 -10.00 0.00 -50.00 -10.00 0.00 -50.00 -10.00 0.00 -64.41 -16.10 0.00 -0.00 -0.00 -0.00 -0.00
70 -50.00 -10.00 0.00 -50.00 -10.00 0.00 -50.00 -10.00 0.00 -50.00 -10.00 0.00 -64.41 -16.10 0.00 -0.00 -0.00 -0.00 -0.00
71 -50.00 -10.00 0.00 -50.00 -10.00 0.00 -50.00 -10.00 0.00 -50.00 -10.00 0.00 -64.41 -16.10 0.00 -0.00 -0.00 -0.00 -0.00
72 -50.00 -10.00 0.00 -50.00 -10.00 0.00 -50.00 -10.00 0.00 -50.00 -10.00 0.00 -64.41 -16.10 0.00 -0.00 -0.00 -0.00 -0.00
73 -50.00 -10.00 0.00 -50.00 -10.00 0.00 -50.00 -10.00 0.00 -50.00 -10.00 0.00 -64.41 -16.10 0.00 -0.00 -0.00 -0.00 -0.00
74 -50.00 -10.00 0.00 -50.00 -10.00 0.00 -50.00 -10.00 0.00 -50.00 -10.00 0.00 -64.41 -16.10 0.00 -0.00 -0.00 -0.00 -0.00
75 -50.00 -10.00 0.00 -50.00 -10.00 0.00 -50.00 -10.00 0.00 -50.00 -10.00 0.00 -64.41 -16.10 0.00 -0.00 -0.00 -0.00 -0.00
76 -50.00 -10.00 0.00 -50.00 -10.00 0.00 -50.00 -10.00 0.00 -50.00 -10.00 0.00 -64.41 -16.10 0.00 -0.00 -0.00 -0.00 -0.00
77 -50.00 -10.00 0.00 -50.00 -10.00 0.00 -50.00 -10.00 0.00 -50.00 -10.00 0.00 -64.41 -16.10 0.00 -0.00 -0.00 -0.00 -0.00
78 -50.00 -10.00 0.00 -50.00 -10.00 0.00 -50.00 -10.00 0.00 -50.00 -10.00 0.00 -64.41 -16.10 0.00 -0.00 -0.00 -0.00 -0.00
79 -50.00 -10.00 0.00 -50.00 -10.00 0.00 -50.00 -10.00 0.00 -50.00 -10.00 0.00 -64.41 -16.10 0.00 -0.00 -0.00 -0.00 -0.00
80 -50.00 -10.00 0.00 -50.00 -10.00 0.00 -50.00 -10.00 0.00 -50.00 -10.00 0.00 -64.41 -16.10 0.00 -0.00 -0.00 -0.00 -0.00
81 -50.00 -10.00 0.00 -50.00 -10.00 0.00 -50.00 -10.00 0.00 -50.00 -10.00 0.00 -64.41 -16.10 0.00 -0.00 -0.00 -0.00 -0.00
82 -50.00 -10.00 0.00 -50.00 -10.00 0.00 -50.00 -10.00 0.00 -50.00 -10.00 0.00 -64.41 -16.10 0.00 -0.00 -0.00 -0.00 -0.00
83 -50.00 -10.00 0.00 -50.00 -10.00 0.00 -50.00 -10.00 0.00 -50.00 -10.00 0.00 -64.41 -16.10 0.00 -0.00 -0.00 -0.00 -0.00
84 -50.00 -10.00 0.00 -50.00 -10.00 0.00 -50.00 -10.00 0.00 -50.00 -10.00 0.00 -64.41 -16.10 0.00 -0.00 -0.00 -0.00 -0.00
85 -50.00 -10.00 0.00 -50.00 -10.00 0.00 -50.00 -10.00 0.00 -50.00 -10.00 0.00 -64.41 -16.10 0.00 -0.00 -0.00 -0.00 -0.00
86 -50.00 -10.00 0.00 -50.00 -10.00 0.00 -50.00 -10.00 0.00 -50.00 -10.00 0.00 -64.41 -16.10 0.00 -0.00 -0.00 -0.00 -0.00
87 -50.00 -10.00 0.00 -50.00 -10.00 0.00 -50.00 -10.00 0.00 -50.00 -10.00 0.00 -64.41 -16.10 0.00 -0.00 -0.00 -0.00 -0.00
88 -50.00 -10.00 0.00 -50.00 -10.00 0.00 -50.00 -10.00 0.00 -50.00 -10.00 0.00 -64.41 -16.10 0.00 -0.00 -0.00 -0.00 -0.00
89 -50.00 -10.00 0.00 -50.00 -10.00 0.00 -50.00 -10.00 0.00 -50.00 -10.00 0.00 -64.41 -16.10 0.00 -0.00 -0.00 -0.00 -0.00
90 -50.00 -10.00 0.00 -50.00 -10.00 0.00 -50.00 -10.00 0.00 -50.00 -10.00 0.00 -64.41 -16.10 0.00 -0.00 -0.00 -0.00 -0.00
91 -50.00 -10.00 0.00 -50.00 -10.00 0.00 -50.00 -10.00 0.00 -50.00 -10.00 0.00 -64.41 -16.10 0.00 -0.00 -0.00 -0.00 -0.00
92 -50.00 -10.00 0.00 -50.00 -10.00 0.00 -50.00 -10.00 0.00 -50.00 -10.00 0.00 -64.41 -16.10 0.00 -0.00 -0.00 -0.00 -0.00
93 -50.00 -10.00 0.00 -50.00 -10.00 0.00 -50.00 -10.00 0.00 -50.00 -10.00 0.00 -64.41 -16.10 0.00 -0.00 -0.00 -0.00 -0.00
94 -50.00 -10.00 0.00 -50.00 -10.00 0.00 -50.00 -10.00 0.00 -50.00 -10.00 0.00 -64.41 -16.10 0.00 -0.00 -0.00 -0.00 -0.00
95 -50.00 -10.00 0.00 -50.00 -10.00 0.00 -50.00 -10.00 0.00 -50.00 -10.00 0.00 -64.41 -16.10 0.00 -0.00 -0.00 -0.00 -0.00
96 -50.00 -10.00 0.00 -50.00 -10.00 0.00 -50.00 -10.00 0.00 -50.00 -10.00 0.00 -64.41 -16.10 0.00 -0.00 -0.00 -0.00 -0.00
97 -50.00 -10.00 0.00 -50.00 -10.00 0.00 -50.00 -10.00 0.00 -50.00 -10.00 0.00 -64.41 -16.10 0.00 -0.00 -0.00 -0.00 -0.00
98 -50.00 -10.00 0.00 -50.00 -10.00 0.00 -50.00 -10.00 0.00 -50.00 -10.00 0.00 -64.41 -16.10 0.00 -0.00 -0.00 -0.00 -0.00
99 -50.00 -10.00 0.00 -50.00 -10.00 0.00 -50.00 -10.00 0.00 -50.00 -10.00 0.00 -64.41 -16.10 0.00 -0.00 -0.00 -0.00 -0.00
100 -50.00 -10.00 0.00 -50.00 -10.00 0.00 -50.00 -10.00 0.00 -50.00 -10.00 0.00 -64.41 -16.10 0.00 -0.00 -0.00 -0.00 -0.00
101 -50.00 -10.00 0.00 -50.00 -10.00 0.00 -50.00 -10.00 0.00 -50.00 -10.00 0.00 -64.41 -16.10 0.00 -0.00 -0.00 -0.00 -0.00
102 -50.00 -10.00 0.00 -50.00 -10.00 0.00 -50.00 -10.00 0.00 -50.00 -10.00 0.00 -64.41 -16.10 0.00 -0.00 -0.00 -0.00 -0.00
103 -50.00 -10.00 0.00 -50.00 -10.00 0.00 -50.00 -10.00 0.00 -50.00 -10.00 0.00 -64.41 -16.10 0.00 -0.00 -0.00 -0.00 -0.00
104 -50.00 -10.00 0.00 -50.00 -10.00 0.00 -50.00 -10.00 0.00 -50.00 -10.00 0.00 -64.41 -16.10 0.00 -0.00 -0.00 -0.00 -0.00
105 -50.00 -10.00 0.00 -50.00 -10.00 0.00 -50.00 -10.00 0.00 -50.00 -10.00 0.00 -64.41 -16.10 0.00 -0.00 -0.00 -0.00 -0.00
106 -50.00 -10.00 0.00 -50.00 -10.00 0.00 -50.00 -10.00 0.00 -50.00 -10.00 0.00 -64.41 -16.10 0.00 -0.00 -0.00 -0.00 -0.00
107 -50.00 -10.00 0.00 -50.00 -10.00 0.00 -50.00 -10.00 0.00 -50.00 -10.00 0.00 -64.41 -16.10 0.00 -0.00 -0.00 -0.00 -0.00
108 -50.00 -10.00 0.00 -50.00 -10.00 0.00 -50.00 -10.00 0.00 -50.00 -10.00 0.00 -64.41 -16.10 0.00 -0.00 -0.00 -0.00 -0.00
109 -50.00 -10.00 0.00 -50.00 -10.00 0.00 -50.00 -10.00 0.00 -50.00 -10.00 0.00 -64.41 -16.10 0.00 -0.00 -0.00 -0.00 -0.00
110 -50.00 -10.00 0.00 -50.00 -10.00 0.00 -50.00 -10.00 0.00 -50.00 -10.00 0.00 -64.41 -16.10 0.00 -0.00 -0.00 -0.00 -0.00
111 -50.00 -10.00 0.00 -50.00 -10.00 0.00 -50.00 -10.00 0.00 -50.00 -10.00 0.00 -64.41 -16.10 0.00 -0.00 -0.00 -0.00 -0.00
112 -50.00 -10.00 0.00 -50.00 -10.00 0.00 -50.00 -10.00 0.00 -50.00 -10.00 0.00 -64.41 -16.10 0.00 -0.00 -0.00 -0.00 -0.00
113 -50.00 -10.00 0.00 -50.00 -10.00 0.00 -50.00 -10.00 0.00 -50.00 -10.00 0.00 -64.41 -16.10 0.00 -0.00 -0.00 -0.00 -0.00
114 -50.00 -10.00 0.00 -50.00 -10.00 0.00 -50.00 -10.00 0.00 -50.00 -10.00 0.00 -64.41 -16.10 0.00 -0.00 -0.00 -0.00 -0.00
115 -50.00 -10.00 0.00 -50.00 -10.00 0.00 -50.00 -10.00 0.00 -50.00 -10.00 0.00 -64.41 -16.10 0.00 -0.00 -0.00 -0.00 -0.00
116 -50.00 -10.00 0.00 -50.00 -10.00 0.00 -50.00 -10.00 0.00 -50.00 -10.00 0.00 -64.41 -16.10 0.00 -0.00 -0.00 -0.00 -0.00
117 -50.00 -10.00 0.00 -50.00 -10.00 0.00 -50.00 -10.00 0.00 -50.00 -10.00 0.00 -64.41 -16.10 0.00 -0.00 -0.00 -0.00 -0.00
118 -50.00 -10.00 0.00 -50.00 -10.00 0.00 -50.00 -10.00 0.00 -50.00 -10.00 0.00 -64.41 -16.10 0.00 -0.00 -0.00 -0.00 -0.00
119 -50.00 -10.00 0.00 -50.00 -10.00 0.00 -50.00 -10.00 0.00 -50.00 -10.00 0.00 -64.41 -16.10 0.00 -0.00 -0.00 -0.00 -0.00
120 -50.00 -10.00 0.00 -50.00 -10.00 0.00 -50.00 -10.00 0.00 -50.00 -10.00 0.00 -64.41 -16.10 0.00 -0.00 -0.00 -0.00 -0.00
121 -50.00 -10.00 0.00 -50.00 -10.00 0.00 -50.00 -10.00 0.00 -50.00 -10.00 0.00 -64.41 -16.10 0.00 -0.00 -0.00 -0.00 -0.00
122 -50.00 -10.00 0.00 -50.00 -10.00 0.00 -50.00 -10.00 0.00 -50.00 -10.00 0.00 -64.41 -16.10 0.00 -0.00 -0.00 -0.00 -0.00
123 -50.00 -10.00 0.00 -50.00 -10.00 0.00 -50.00 -10.00 0.00 -50.00 -10.00 0.00 -64.41 -16.10 0.00 -0.00 -0.00 -0.00 -0.00
124 -50.00 -10.00 0.00 -50.00 -10.00 0.00 -50.00 -10.00 0.00 -50.00 -10.00 0.00 -64.41 -16.10 0.00 -0.00 -0.00 -0.00 -0.00
125 -50.00 -10.00 0.00 -50.00 -10.00 0.00 -50.00 -10.00 0.00 -50.00 -10.00 0.00 -64.41 -16.10 0.00 -0.00 -0.00 -0.00 -0.00
126 -50.00 -10.00 0.00 -50.00 -10.00 0.00 -50.00 -10.00 0.00 -50.00 -10.00 0.00 -64.41 -16.10 0.00 -0.00 -0.00 -0.00 -0.00
127 -50.00 -10.00 0.00 -50.00 -10.00 0.00 -50.00 -10.00 0.00 -50.00 -10.00 0.00 -64.41 -16.10 0.00 -0.00 -0.00 -0.00 -0.00
128 -50.00 -10.00 0.00 -50.00 -10.00 0.00 -50.00 -10.00 0.00 -50.00 -10.00 0.00 -64.41 -16.10 0.00 -0.00 -0.00 -0.00 -0.00
129 -50.00 -10.00 0.00 -50.00 -10.00 0.00 -50.00 -10.00 0.00 -50.00 -10.00 0.00 -64.41 -16.10 0.00 -0.00 -0.00 -0.00 -0.00
130 -50.00 -10.00 0.00 -50.00 -10.00 0.00 -50.00 -10.00 0.00 -50.00 -10.00 0.00 -64.41 -16.10 0.00 -0.00 -0.00 -0.00 -0.00
131 -50.00 -10.00 0.00 -50.00 -10.00 0.00 -50.00 -10.00 0.00 -50.00 -10.00 0.00 -64.41 -16.10 0.00 -0.00 -0.00 -0.00 -0.00
132 -50.00 -10.00 0.00 -50.00 -10.00 0.00 -50.00 -10.00 0.00 -50.00 -10.00 0.00 -64.41 -16.10 0.00 -0.00 -0.00 -0.00 -0.00
133 -50.00 -10.00 0.00 -50.00 -10.00 0.00 -50.00 -10.00 0.00 -50.00 -10.00 0.00 -64.41 -16.10 0.00 -0.00 -0.00 -0.00 -0.00
134 -50.00 -10.00 0.00 -50.00 -10.00 0.00 -50.00 -10.00 0.00 -50.00 -10.00 0.00 -64.41 -16.10 0.00 -0.00 -0.00 -0.00 -0.00
135 -50.00 -10.00 0.00 -50.00 -10.00 0.00 -50.00 -10.00 0.00 -50.00 -10.00 0.00 -64.41 -16.10 0.00 -0.00 -0.00 -0.00 -0.00
136 -50.00 -10.00 0.00 -50.00 -10.00 0.00 -50.00 -10.00 0.00 -50.00 -10.00 0.00 -64.41 -16.10 0.00 -0.00 -0.00 -0.00 -0.00
137 -50.00 -10.00 0.00 -50.00 -10.00 0.00 -50.00 -10.00 0.00 -50.00 -10.00 0.00 -64.41 -16.10 0.00 -0.00 -0.00 -0.00 -0.00
138 -50.00 -10.00 0.00 -50.00 -10.00 0.00 -50.00 -10.00 0.00 -50.00 -10.00 0.00 -64.41 -16.10 0.00 -0.00 -0.00 -0.00 -0.00
139 -50.00 -10.00 0.00 -50.00 -10.00 0.00 -50.00 -10.00 0.00 -50.00 -10.00 0.00 -64.41 -16.10 0.00 -0.00 -0.00 -0.00 -0.00
140 -50.00 -10.00 0.00 -50.00 -10.00 0.00 -50.00 -10.00 0.00 -50.00 -10.00 0.00 -64.41 -16.10 0.00 -0.00 -0.00 -0.00 -0.00
141 -50.00 -10.00 0.00 -50.00 -10.00 0.00 -50.00 -10.00 0.00 -50.00 -10.00 0.00 -64.41 -16.10 0.00 -0.00 -0.00 -0.00 -0.00
142 -50.00 -10.00 0.00 -50.00 -10.00 0.00 -50.00 -10.00 0.00 -50.00 -10.00 0.00 -64.41 -16.10 0.00 -0.00 -0.00 -0.00 -0.00
143 -50.00 -10.00 0.00 -50.00 -10.00 0.00 -50.00 -10.00 0.00 -50.00 -10.00 0.00 -64.41 -16.10 0.00 -0.00 -0.00 -0.00 -0.00
144 -50.00 -10.00 0.00 -50.00 -10.00 0.00 -50.00 -10.00 0.00 -50.00 -10.00 0.00 -64.41 -16.10 0.00 -0.00 -0.00 -0.00 -0.00
145 -50.00 -10.00 0.00 -50.00 -10.00 0.00 -50.00 -10.00 0.00 -50.00 -10.00 0.00 -64.41 -16.10 0.00 -0.00 -0.00 -0.00 -0.00
146 -50.00 -10.00 0.00 -50.00 -10.00 0.00 -50.00 -10.00 0.00 -50.00 -10.00 0.00 -64.41 -16.10 0.00 -0.00 -0.00 -0.00 -0.00
147 -50.00 -10.00 0.00 -50.00 -10.00 0.00 -50.00 -10.00 0.00 -50.00 -10.00 0.00 -64.41 -16.10 0.00 -0.00 -0.00 -0.00 -0.00
148 -50.00 -10.00 0.00 -50.00 -10.00 0.00 -50.00 -10.00 0.00 -50.00 -10.00 0.00 -64.41 -16.10 0.00 -0.00 -0.00 -0.00 -0.00
149 -50.00 -10.00 0.00 -50.00 -10.00 0.00 -50.00 -10.00 0.00 -50.00 -10.00 0.00 -64.41 -16.10 0.00 -0.00 -0.00 -0.00 -0.00
150 -50.00 -10.00 0.00 -50.00 -10.00 0.00 -50.00 -10.00 0.00 -50.00 -10.00 0.00 -64.41 -16.10 0.00 -0.00 -0.00 -0.00 -0.00
151 -50.00 -10.00 0.00 -50.00 -10.00 0.00 -50.00 -10.00 0.00 -50.00 -10.00 0.00 -64.41 -16.10 0.00 -0.00 -0.00 -0.00 -0.00
152 -50.00 -10.00 0.00 -50.00 -10.00 0.00 -50.00 -10.00 0.00 -50.00 -10.00 0.00 -64.41 -16.10 0.00 -0.00 -0.00 -0.00 -0.00
153 -50.00 -10.00 0.00 -50.00 -10.00 0.00 -50.00 -10.00 0.00 -50.00 -10.00 0.00 -64.41 -16.10 0.00 -0.00 -0.00 -0.00 -0.00
154 -50.00 -10.00 0.00 -50.00 -10.00 0.00 -50.00 -10.00 0.00 -50.00 -10.00 0.00 -64.41 -16.10 0.00 -0.00 -0.00 -0.00 -0.00
155 -50.00 -10.00 0.00 -50.00 -10.00 0.00 -50.00 -10.00 0.00 -50.00 -10.00 0.00 -64.41 -16.10 0.00 -0.00 -0.00 -0.00 -0.00
156 -50.00 -10.00 0.00 -50.00 -10.00 0.00 -50.00 -10.00 0.00 -50.00 -10.00 0.00 -64.41 -16.10 0.00 -0.00 -0.00 -0.00 -0.00
157 -50.00 -10.00 0.00 -50.00 -10.00 0.00 -50.00 -10.00 0.00 -50.00 -10.00 0.00 -64.41 -16.10 0.00 -0.00 -0.00 -0.00 -0.00
158 -50.00 -10.00 0.00 -50.00 -10.00 0.00 -50.00 -10.00 0.00 -50.00 -10.00 0.00 -64.41 -16.10 0.00 -0.00 -0.00 -0.00 -0.00
159 -50.00 -10.00 0.00 -50.00 -10.00 0.00 -50.00 -10.00 0.00 -50.00 -10.00 0.00 -64.41 -16.10 0.00 -0.00 -0.00 -0.00 -0.00
160 -50.00 -10.00 0.00 -50.00 -10.00 0.00 -50.00 -10.00 0.00 -50.00 -10.00 0.00 -64.41 -16.10 0.00 -0.00 -0.00 -0.00 -0.00
161 -50.00 -10.00 0.00 -50.00 -10.00 0.00 -50.00 -10.00 0.00 -50.00 -10.00 0.00 -64.41 -16.10 0.00 -0.00 -0.00 -0.00 -0.00
162 -50.00 -10.00 0.00 -50.00 -10.00 0.00 -50.00 -10.00 0.00 -50.00 -10.00 0.00 -64.41 -16.10 0.00 -0.00 -0.00 -0.00 -0.00
163 -50.00 -10.00 0.00 -50.00 -10.00 0.00 -50.00 -10.00 0.00 -50.00 -10.00 0.00 -64.41 -16.10 0.00 -0.00 -0.00 -0.00 -0.00
164 -50.00 -10.00 0.00 -50.00 -10.00 0.00 -50.00 -10.00 0.00 -50.00 -10.00 0.00 -64.41 -16.10 0.00 -0.00 -0.00 -0.00 -0.00
165 -50.00 -10.00 0.00 -50.00 -10.00 0.00 -50.00 -10.00 0.00 -50.00 -10.00 0.00 -64.41 -16.10 0.00 -0.00 -0.00 -0.00 -0.00
166 -50.00 -10.00 0.00 -50.00 -10.00 0.00 -50.00 -10.00 0.00 -50.00 -10.00 0.00 -64.41 -16.10 0.00 -0.00 -0.00 -0.00 -0.00
167 -50.00 -10.00 0.00 -50.00 -10.00 0.00 -50.00 -10.00 0.00 -50.00 -10.00 0.00 -64.41 -16.10 0.00 -0.00 -0.00 -0.00 -0.00
168 -50.00 -10.00 0.00 -50.00 -10.00 0.00 -50.00 -10.00 0.00 -50.00 -10.00 0.00 -64.41 -16.10 0.00 -0.00 -0.00 -0.00 -0.00
169 -50.00 -10.00 0.00 -50.00 -10.00 0.00 -50.00 -10.00 0.00 -50.00 -10.00 0.00 -64.41 -16.10 0.00 -0.00 -0.00 -0.00 -0.00
170 -50.00 -10.00 0.00 -50.00 -10.00 0.00 -50.00 -10.00 0.00 -50.00 -10.00 0.00 -64.41 -16.10 0.00 -0.00 -0.00 -0.00 -0.00
171 -50.00 -10.00 0.00 -50.00 -10.00 0.00 -50.00 -10.00 0.00 -50.00 -10.00 0.00 -64.41 -16.10 0.00 -0.00 -0.00 -0.00 -0.00
172 -50.00 -10.00 0.00 -50.00 -10.00 0.00 -50.00 -10.00 0.00 -50.00 -10.00 0.00 -64.41 -16.10 0.00 -0.00 -0.00 -0.00 -0.00
173 -50.00 -10.00 0.00 -50.00 -10.00 0.00 -50.00 -10.00 0.00 -50.00 -10.00 0.00 -64.41 -16.10 0.00 -0.00 -0.00 -0.00 -0.00
174 -50.00 -10.00 0.00 -50.00 -10.00 0.00 -50.00 -10.00 0.00 -50.00 -10.00 0.00 -64.41 -16.10 0.00 -0.00 -0.00 -0.00 -0.00
175 -50.00 -10.00 0.00 -50.00 -10.00 0.00 -50.00 -10.00 0.00 -50.00 -10.00 0.00 -64.41 -16.10 0.00 -0.00 -0.00 -0.00 -0.00
176 -50.00 -10.00 0.00 -50.00 -10.00 0.00 -50.00 -10.00 0.00 -50.00 -10.00 0.00 -64.41 -16.10 0.00 -0.00 -0.00 -0.00 -0.00
177 -50.00 -10.00 0.00 -50.00 -10.00 0.00 -50.00 -10.00 0.00 -50.00 -10.00 0.00 -64.41 -16.10 0.00 -0.00 -0.00 -0.00 -0.00
178 -50.00 -10.00 0.00 -50.00 -10.00 0.00 -50.00 -10.00 0.00 -50.00 -10.00 0.00 -64.41 -16.10 0.00 -0.00 -0.00 -0.00 -0.00
179 -50.00 -10.00 0.00 -50.00 -10.00 0.00 -50.00 -10.00 0.00 -50.00 -10.00 0.00 -64.41 -16.10 0.00 -0.00 -0.00 -0.00 -0.00
180 -50.00 -10.00 0.00 -50.00 -10.00 0.00 -50.00 -10.00 0.00 -50.00 -10.00 0.00 -64.41 -16.10 0.00 -0.00 -0.00 -0.00 -0.00
181 -50.00 -10.00 0.00 -50.00 -10.00 0.00 -50.00 -10.00 0.00 -50.00 -10.00 0.00 -64.41 -16.10 0.00 -0.00 -0.00 -0.00 -0.00
182 -50.00 -10.00 0.00 -50.00 -10.00 0.00 -50.00 -10.00 0.00 -50.00 -10.00 0.00 -64.41 -16.10 0.00 -0.00 -0.00 -0.00 -0.00
183 -50.00 -10.00 0.00 -50.00 -10.00 0.00 -50.00 -10.00 0.00 -50.00 -10.00 0.00 -64.41 -16.10 0.00 -0.00 -0.00 -0.00 -0.00
184 -50.00 -10.00 0.00 -50.00 -10.00 0.00 -50.00 -10.00 0.00 -50.00 -10.00 0.00 -64.41 -16.10 0.00 -0.00 -0.00 -0.00 -0.00
185 -50.00 -10.00 0.00 -50.00 -10.00 0.00 -50.00 -10.00 0.00 -50.00 -10.00 0.00 -64.41 -16.10 0.00 -0.00 -0.00 -0.00 -0.00
186 -50.00 -10.00 0.00 -50.00 -10.00 0.00 -50.00 -10.00 0.00 -50.00 -10.00 0.00 -64.41 -16.10 0.00 -0.00 -0.00 -0.00 -0.00
187 -50.00 -10.00 0.00 -50.00 -10.00 0.00 -50.00 -10.00 0.00 -50.00 -10.00 0.00 -64.41 -16.10 0.00 -0.00 -0.00 -0.00 -0.00
188 -50.00 -10.00 0.00 -50.00 -10.00 0.00 -50.00 -10.00 0.00 -50.00 -10.00 0.00 -64.41 -16.10 0.00 -0.00 -0.00 -0.00 -0.00
189 -50.00 -10.00 0.00 -50.00 -10.00 0.00 -50.00 -10.00 0.00 -50.00 -10.00 0.00 -64.41 -16.10 0.00 -0.00 -0.00 -0.00 -0.00
190 -50.00 -10.00 0.00 -50.00 -10.00 0.00 -50.00 -10.00 0.00 -50.00 -10.00 0.00 -64.41 -16.10 0.00 -0.00 -0.00 -0.00 -0.00
191 -50.00 -10.00 0.00 -50.00 -10.00 0.00 -50.00 -10.00 0.00 -50.00 -10.00 0.00 -64.41 -16.10 0.00 -0.00 -0.00 -0.00 -0.00
192 -50.00 -10.00 0.00 -50.00 -10.00 0.00 -50.00 -10.00 0.00 -50.00 -10.00 0.00 -64.41 -16.10 0.00 -0.00 -0.00 -0.00 -0.00
193 -50.00 -10.00 0.00 -50.00 -10.00 0.00 -50.00 -10.00 0.00 -50.00 -10.00 0.00 -64.41 -16.10 0.00 -0.00 -0.00 -0.00 -0.00
194 -50.00 -10.00 0.00 -50.00 -10.00 0.00 -50.00 -10.00 0.00 -50.00 -10.00 0.00 -64.41 -16.10 0.00 -0.00 -0.00 -0.00 -0.00
195 -50.00 -10.00 0.00 -50.00 -10.00 0.00 -50.00 -10.00 0.00 -50.00 -10.00 0.00 -64.41 -16.10 0.00 -0.00 -0.00 -0.00 -0.00
196 -50.00 -10.00 0.00 -50.00 -10.00 0.00 -50.00 -10.00 0.00 -50.00 -10.00 0.00 -64.41 -16.10 0.00 -0.00 -0.00 -0.00 -0.00
197 -50.00 -10.00 0.00 -50.00 -10.00 0.00 -50.00 -10.00 0.00 -50.00 -10.00 0.00 -64.41 -16.10 0.00 -0.00 -0.00 -0.00 -0.00
198 -50.00 -10.00 0.00 -50.00 -10.00 0.00 -50.00 -10.00 0.00 -50.00 -10.00 0.00 -64.41 -16.10 0.00 -0.00 -0.00 -0.00 -0.00
199 -50.00 -10.00 0.00 -50.00 -10.00 0.00 -50.00 -10.00 0.00 -50.00 -10.00 0.00 -64.41 -16.10 0.00 -0.00 -0.00 -0.00 -0.00
200 -50.00 -10.00 0.00 -50.00 -10.00 0.00 -50.00 -10.00 0.00 -50.00 -10.00 0.00 -64.41 -16.10 0.00 -0.00 -0.00 -0.00 -0.00
201 -50.00 -10.00 0.00 -50.00 -10.00 0.00 -50.00 -10.00 0.00 -50.00 -10.00 0.00 -64.41 -16.10 0.00 -0.00 -0.00 -0.00 -0.00
202 -50.00 -10.00 0.00 -50.00 -10.00 0.00 -50.00 -10.00 0.00 -50.00 -10.00 0.00 -64.41 -16.10 0.00 -0.00 -0.00 -0.00 -0.00
203 -50.00 -10.00 0.00 -50.00 -10.00 0.00 -50.00 -10.00 0.00 -50.00 -10.00 0.00 -64.41 -16.10 0.00 -0.00 -0.00 -0.00 -0.00
204 -50.00 -10.00 0.00 -50.00 -10.00 0.00 -50.00 -10.00 0.00 -50.00 -10.00 0.00 -64.41 -16.10 0.00 -0.00 -0.00 -0.00 -0.00
205 -50.00 -10.00 0.00 -50.00 -10.00 0.00 -50.00 -10.00 0.00 -50.00 -10.00 0.00 -64.41 -16.10 0.00 -0.00 -0.00 -0.00 -0.00
206 -50.00 -10.00 0.00 -50.00 -10.00 0.00 -50.00 -10.00 0.00 -50.00 -10.00 0.00 -64.41 -16.10 0.00 -0.00 -0.00 -0.00 -0.00
207 -50.00 -10.00 0.00 -50.00 -10.00 0.00 -50.00 -10.00 0.00 -50.00 -10.00 0.00 -64.41 -16.10 0.00 -0.00 -0.00 -0.00 -0.00
208 -50.00 -10.00 0.00 -50.00 -10.00 0.00 -50.00 -10.00 0.00 -50.00 -10.00 0.00 -64.41 -16.10 0.00 -0.00 -0.00 -0.00 -0.00
209 -50.00 -10.00 0.00 -50.00 -10.00 0.00 -50.00 -10.00 0.00 -50.00 -10.00 0.00 -64.41 -16.10 0.00 -0.00 -0.00 -0.00 -0.00
210 -50.00 -10.00 0.00 -50.00 -10.00 0.00 -50.00 -10.00 0.00 -50.00 -10.00 0.00 -64.41 -16.10 0.00 -0.00 -0.00 -0.00 -0.00
211 -50.00 -10.00 0.00 -50.00 -10.00 0.00 -50.00 -10.00 0.00 -50.00 -10.00 0.00 -64.41 -16.10 0.00 -0.00 -0.00 -0.00 -0.00
212 -50.00 -10.00 0.00 -50.00 -10.00 0.00 -50.00 -10.00 0.00 -50.00 -10.00 0.00 -64.41 -16.10 0.00 -0.00 -0.00 -0.00 -0.00
213 -50.00 -10.00 0.00 -50.00 -10.00 0.00 -50.00 -10.00 0.00 -50.00 -10.00 0.00 -64.41 -16.10 0.00 -0.00 -0.00 -0.00 -0.00
214 -50.00 -10.00 0.00 -50.00 -10.00 0.00 -50.00 -10.00 0.00 -50.00 -10.00 0.00 -64.41 -16.10 0.00 -0.00 -0.00 -0.00 -0.00
215 -50.00 -10.00 0.00 -50.00 -10.00 0.00 -50.00 -10.00 0.00 -50.00 -10.00 0.00 -64.41 -16.10 0.00 -0.00 -0.00 -0.00 -0.00
216 -50.00 -10.00 0.00 -50.00 -10.00 0.00 -50.00 -10.00 0.00 -50.00 -10.00 0.00 -64.41 -16.10 0.00 -0.00 -0.00 -0.00 -0.00
217 -50.00 -10.00 0.00 -50.00 -10.00 0.00 -50.00 -10.00 0.00 -50.00 -10.00 0.00 -64.41 -16.10 0.00 -0.00 -0.00 -0.00 -0.00
218 -50.00 -10.00 0.00 -50.00 -10.00 0.00 -50.00 -10.00 0.00 -50.00 -10.00 0.00 -64.41 -16.10 0.00 -0.00 -0.00 -0.00 -0.00
219 -50.00 -10.00 0.00 -50.00 -10.00 0.00 -50.00 -10.00 0.00 -50.00 -10.00 0.00 -64.41 -16.10 0.00 -0.00 -0.00 -0.00 -0.00
220 -50.00 -10.00 0.00 -50.00 -10.00 0.00 -50.00 -10.00 0.00 -50.00 -10.00 0.00 -64.41 -16.10 0.00 -0.00 -0.00 -0.00 -0.00
221 -50.00 -10.00 0.00 -50.00 -10.00 0.00 -50.00 -10.00 0.00 -50.00 -10.00 0.00 -64.41 -16.10 0.00 -0.00 -0.00 -0.00 -0.00
222 -50.00 -10.00 0.00 -50.00 -10.00 0.00 -50.00 -10.00 0.00 -50.00 -10.00 0.00 -64.41 -16.10 0.00 -0.00 -0.00 -0.00 -0.00
223 -50.00 -10.00 0.00 -50.00 -10.00 0.00 -50.00 -10.00 0.00 -50.00 -10.00 0.00 -64.41 -16.10 0.00 -0.00 -0.00 -0.00 -0.00
224 -50.00 -10.00 0.00 -50.00 -10.00 0.00 -50.00 -10.00 0.00 -50.00 -10.00 0.00 -64.41 -16.10 0.00 -0.00 -0.00 -0.00 -0.00
225 -50.00 -10.00 0.00 -50.00 -10.00 0.00 -50.00 -10.00 0.00 -50.00 -10.00 0.00 -64.41 -16.10 0.00 -0.00 -0.00 -0.00 -0.00
226 -50.00 -10.00 0.00 -50.00 -10.00 0.00 -50.00 -10.00 0.00 -50.00 -10.00 0.00 -64.41 -16.10 0.00 -0.00 -0.00 -0.00 -0.00
227 -50.00 -10.00 0.00 -50.00 -10.00 0.00 -50.00 -10.00 0.00 -50.00 -10.00 0.00 -64.41 -16.10 0.00 -0.00 -0.00 -0.00 -0.00
228 -50.00 -10.00 0.00 -50.00 -10.00 0.00 -50.00 -10.00 0.00 -50.00 -10.00 0.00 -64.41 -16.10 0.00 -0.00 -0.00 -0.00 -0.00
229 -50.00 -10.00 0.00 -50.00 -10.00 0.00 -50.00 -10.00 0.00 -50.00 -10.00 0.00 -64.41 -16.10 0.00 -0.00 -0.00 -0.00 -0.00
230 -50.00 -10.00 0.00 -50.00 -10.00 0.00 -50.00 -10.00 0.00 -50.00 -10.00 0.00 -64.41 -16.10 0.00 -0.00 -0.00 -0.00 -0.00
231 -50.00 -10.00 0.00 -50.00 -10.00 0.00 -50.00 -10.00 0.00 -50.00 -10.00 0.00 -64.41 -16.10 0.00 -0.00 -0.00 -0.00 -0.00
232 -50.00 -10.00 0.00 -50.00 -10.00 0.00 -50.00 -10.00 0.00 -50.00 -10.00 0.00 -64.41 -16.10 0.00 -0.00 -0.00 -0.00 -0.00
233 -50.00 -10.00 0.00 -50.00 -10.00 0.00 -50.00 -10.00 0.00 -50.00 -10.00 0.00 -64.41 -16.10 0.00 -0.00 -0.00 -0.00 -0.00
234 -50.00 -10.00 0.00 -50.00 -10.00 0.00 -50.00 -10.00 0.00 -50.00 -10.00 0.00 -64.41 -16.10 0.00 -0.00 -0.00 -0.00 -0.00
235 -50.00 -10.00 0.00 -50.00 -10.00 0.00 -50.00 -10.00 0.00 -50.00 -10.00 0.00 -64.41 -16.10 0.00 -0.00 -0.00 -0.00 -0.00
236 -50.00 -10.00 0.00 -50.00 -10.00 0.00 -50.00 -10.00 0.00 -50.00 -10.00 0.00 -64.41 -16.10 0.00 -0.00 -0.00 -0.00 -0.00
237 -50.00 -10.00 0.00 -50.00 -10.00 0.00 -50.00 -10.00 0.00 -50.00 -10.00 0.00 -64.41 -16.10 0.00 -0.00 -0.00 -0.00 -0.00
238 -50.00 -10.00 0.00 -50.00 -10.00 0.00 -50.00 -10.00 0.00 -50.00 -10.00 0.00 -64.41 -16.10 0.00 -0.00 -0.00 -0.00 -0.00
239 -50.00 -10.00 0.00 -50.00 -10.00 0.00 -50.00 -10.00 0.00 -50.00 -10.00 0.00 -64.41 -16.10 0.00 -0.00 -0.00 -0.00 -0.00
240 -50.00 -10.00 0.00 -50.00 -10.00 0.00 -50.00 -10.00 0.00 -50.00 -10.00 0.00 -64.41 -16.10 0.00 -0.00 -0.00 -0.00 -0.00
241 -50.00 -10.00 0.00 -50.00 -10.00 0.00 -50.00 -10.00 0.00 -50.00 -10.00 0.00 -64.41 -16.10 0.00 -0.00 -0.00 -0.00 -0.00
242 -50.00 -10.00 0.00 -50.00 -10.00 0.00 -50.00 -10.00 0.00 -50.00 -10.00 0.00 -64.41 -16.10 0.00 -0.00 -0.00 -0.00 -0.00
243 -50.00 -10.00 0.00 -50.00 -10.00 0.00 -50.00 -10.00 0.00 -50.00 -10.00 0.00 -64.41 -16.10 0.00 -0.00 -0.00 -0.00 -0.00
244 -50.00 -10.00 0.00 -50.00 -10.00 0.00 -50.00 -10.00 0.00 -50.00 -10.00 0.00 -64.41 -16.10 0.00 -0.00 -0.00 -0.00 -0.00
245 -50.00 -10.00 0.00 -50.00 -10.00 0.00 -50.00 -10.00 0.00 -50.00 -10.00 0.00 -64.41 -16.10 0.00 -0.00 -0.00 -0.00 -0.00
246 -50.00 -10.00 0.00 -50.00 -10.00 0.00 -50.00 -10.00 0.00 -50.00 -10.00 0.00 -64.41 -16.10 0.00 -0.00 -0.00 -0.00 -0.00
247 -50.00 -10.00 0.00 -50.00 -10.00 0.00 -50.00 -10.00 0.00 -50.00 -10.00 0.00 -64.41 -16.10 0.00 -0.00 -0.00 -0.00 -0.00
248 -50.00 -10.00 0.00 -50.00 -10.00 0.00 -50.00 -10.00 0.00 -50.00 -10.00 0.00 -64.41 -16.10 0.00 -0.00 -0.00 -0.00 -0.00
249 -50.00 -10.00 0.00 -50.00 -10.00 0.00 -50.00 -10.00 0.00 -50.00 -10.00 0.00 -64.41 -16.10 0.00 -0.00 -0.00 -0.00 -0.00
250 -50.00 -10.00 0.00 -50.00 -10.00 0.00 -50.00 -10.00 0.00 -50.00 -10.00 0.00 -64.41 -16.10 0.00 -0.00 -0.00 -0.00 -0.00
251 -50.00 -10.00 0.00 -50.00 -10.00 0.00 -50.00 -10.00 0.00 -50.00 -10.00 0.00 -64.41 -16.10 0.00 -0.00 -0.00 -0.00 -0.00
252 -50.00 -10.00 0.00 -50.00 -10.00 0.00 -50.00 -10.00 0.00 -50.00 -10.00 0.00 -64.41 -16.10 0.00 -0.00 -0.00 -0.00 -0.00
253 -50.00 -10.00 0.00 -50.00 -10.00 0.00 -50.00 -10.00 0.00 -50.00 -10.00 0.00 -64.41 -16.10 0.00 -0.00 -0.00 -0.00 -0.00
254 -50.00 -10.00 0.00 -50.00 -10.00 0.00 -50.00 -10.00 0.00 -50.00 -10.00 0.00 -64.41 -16.10 0.00 -0.00 -0.00 -0.00 -0.00
255 -50.00 -10.00 0.00 -50.00 -10.00 0.00 -50.00 -10.00 0.00 -50.00 -10.00 0.00 -64.41 -16.10 0.00 -0.00 -0.00 -0.00 -0.00
256 -50.00 -10.00 0.00 -50.00 -10.00 0.00 -50.00 -10.00 0.00 -50.00 -10.00 0.00 -64.41 -16.10 0.00 -0.00 -0.00 -0.00 -0.00
257 -50.00 -10.00 0.00 -50.00 -10.00 0.00 -50.00 -10.00 0.00 -50.00 -10.00 0.00 -64.41 -16.10 0.00 -0.00 -0.00 -0.00 -0.00
258 -50.00 -10.00 0.00 -50.00 -10.00 0.00 -50.00 -10.00 0.00 -50.00 -10.00 0.00 -64.41 -16.10 0.00 -0.00 -0.00 -0.00 -0.00
259 -50.00 -10.00 0.00 -50.00 -10.00 0.00 -50.00 -10.00 0.00 -50.00 -10.00 0.00 -64.41 -16.10 0.00 -0.00 -0.00 -0.00 -0.00
260 -50.00 -10.00 0.00 -50.00 -10.00 0.00 -50.00 -10.00 0.00 -50.00 -10.00 0.00 -64.41 -16.10 0.00 -0.00 -0.00 -0.00 -0.00
261 -50.00 -10.00 0.00 -50.00 -10.00 0.00 -50.00 -10.00 0.00 -50.00 -10.00 0.00 -64.41 -16.10 0.00 -0.00 -0.00 -0.00 -0.00
262 -50.00 -10.00 0.00 -50.00 -10.00 0.00 -50.00 -10.00 0.00 -50.00 -10.00 0.00 -64.41 -16.10 0.00 -0.00 -0.00 -0.00 -0.00
263 -50.00 -10.00 0.00 -50.00 -10.00 0.00 -50.00 -10.00 0.00 -50.00 -10.00 0.00 -64.41 -16.10 0.00 -0.00 -0.00 -0.00 -0.00
264 -50.00 -10.00 0.00 -50.00 -10.00 0.00 -50.00 -10.00 0.00 -50.00 -10.00 0.00 -64.41 -16.10 0.00 -0.00 -0.00 -0.00 -0.00
265 -50.00 -10.00 0.00 -50.00 -10.00 0.00 -50.00 -10.00 0.00 -50.00 -10.00 0.00 -64.41 -16.10 0.00 -0.00 -0.00 -0.00 -0.00
266 -50.00 -10.00 0.00 -50.00 -10.00 0.00 -50.00 -10.00 0.00 -50.00 -10.00 0.00 -64.41 -16.10 0.00 -0.00 -0.00 -0.00 -0.00
267 -50.00 -10.00 0.00 -50.00 -10.00 0.00 -50.00 -10.00 0.00 -50.00 -10.00 0.00 -64.41 -16.10 0.00 -0.00 -0.00 -0.00 -0.00
268 -50.00 -10.00 0.00 -50.00 -10.00 0.00 -50.00 -10.00 0.00 -50.00 -10.00 0.00 -64.41 -16.10 0.00 -0.00 -0.00 -0.00 -0.00
269 -50.00 -10.00 0.00 -50.00 -10.00 0.00 -50.00 -10.00 0.00 -50.00 -10.00 0.00 -64.41 -16.10 0.00 -0.00 -0.00 -0.00 -0.00
270 -50.00 -10.00 0.00 -50.00 -10.00 0.00 -50.00 -10.00 0.00 -50.00 -10.00 0.00 -64.41 -16.10 0.00 -0.00 -0.00 -0.00 -0.00
271 -50.00 -10.00 0.00 -50.00 -10.00 0.00 -50.00 -10.00 0.00 -50.00 -10.00 0.00 -64.41 -16.10 0.00 -0.00 -0.00 -0.00 -0.00
272 -50.00 -10.00 0.00 -50.00 -10.00 0.00 -50.00 -10.00 0.00 -50.00 -10.00 0.00 -64.41 -16.10 0.00 -0.00 -0.00 -0.00 -0.00
273 -50.00 -10.00 0.00 -50.00 -10.00 0.00 -50.00 -10.00 0.00 -50.00 -10.00 0.00 -64.41 -16.10 0.00 -0.00 -0.00 -0.00 -0.00
274 -50.00 -10.00 0.00 -50.00 -10.00 0.00 -50.00 -10.00 0.00 -50.00 -10.00 0.00 -64.41 -16.10 0.00 -0.00 -0.00 -0.00 -0.00
275 -50.00 -10.00 0.00 -50.00 -10.00 0.00 -50.00 -10.00 0.00 -50.00 -10.00 0.00 -64.41 -16.10 0.00 -0.00 -0.00 -0.00 -0.00
276 -50.00 -10.00 0.00 -50.00 -10.00 0.00 -50.00 -10.00 0.00 -50.00 -10.00 0.00 -64.41 -16.10 0.00 -0.00 -0.00 -0.00 -0.00
277 -50.00 -10.00 0.00 -50.00 -10.00 0.00 -50.00 -10.00 0.00 -50.00 -10.00 0.00 -64.41 -16.10 0.00 -0.00 -0.00 -0.00 -0.00
278 -50.00 -10.00 0.00 -50.00 -10.00 0.00 -50.00 -10.00 0.00 -50.00 -10.00 0.00 -64.41 -16.10 0.00 -0.00 -0.00 -0.00 -0.00
279 -50.00 -10.00 0.00 -50.00 -10.00 0.00 -50.00 -10.00 0.00 -50.00 -10.00 0.00 -64.41 -16.10 0.00 -0.00 -0.00 -0.00 -0.00
280 -50.00 -10.00 0.00 -50.00 -10.00 0.00 -50.00 -10.00 0.00 -50.00 -10.00 0.00 -64.41 -16.10 0.00 -0.00 -0.00 -0.00 -0.00
281 -50.00 -10.00 0.00 -50.00 -10.00 0.00 -50.00 -10.00 0.00 -50.00 -10.00 0.00 -64.41 -16.10 0.00 -0.00 -0.00 -0.00 -0.00
282 -50.00 -10.00 0.00 -50.00 -10.00 0.00 -50.00 -10.00 0.00 -50.00 -10.00 0.00 -64.41 -16.10 0.00 -0.00 -0.00 -0.00 -0.00
283 -50.00 -10.00 0.00 -50.00 -10.00 0.00 -50.00 -10.00 0.00 -50.00 -10.00 0.00 -64.41 -16.10 0.00 -0.00 -0.00 -0.00 -0.00
284 -50.00 -10.00 0.00 -50.00 -10.00 0.00 -50.00 -10.00 0.00 -50.00 -10.00 0.00 -64.41 -16.10 0.00 -0.00 -0.00 -0.00 -0.00
285 -50.00 -10.00 0.00 -50.00 -10.00 0.00 -50.00 -10.00 0.00 -50.00 -10.00 0.00 -64.41 -16.10 0.00 -0.00 -0.00 -0.00 -0.00
286 -50.00 -10.00 0.00 -50.00 -10.00 0.00 -50.00 -10.00 0.00 -50.00 -10.00 0.00 -64.41 -16.10 0.00 -0.00 -0.00 -0.00 -0.00
287 -50.00 -10.00 0.00 -50.00 -10.00 0.00 -50.00 -10.00 0.00 -50.00 -10.00 0.00 -64.41 -16.10 0.00 -0.00 -0.00 -0.00 -0.00
288 -50.00 -10.00 0.00 -50.00 -10.00 0.00 -50.00 -10.00 0.00 -50.00 -10.00 0.00 -64.41 -16.10 0.00 -0.00 -0.00 -0.00 -0.00
289 -50.00 -10.00 0.00 -50.00 -10.00 0.00 -50.00 -10.00 0.00 -50.00 -10.00 0.00 -64.41 -16.10 0.00 -0.00 -0.00 -0.00 -0.00
290 -50.00 -10.00 0.00 -50.00 -10.00 0.00 -50.00 -10.00 0.00 -50.00 -10.00 0.00 -64.41 -16.10 0.00 -0.00 -0.00 -0.00 -0.00
291 -50.00 -10.00 0.00 -50.00 -10.00 0.00 -50.00 -10.00 0.00 -50.00 -10.00 0.00 -64.41 -16.10 0.00 -0.00 -0.00 -0.00 -0.00
292 -50.00 -10.00 0.00 -50.00 -10.00 0.00 -50.00 -10.00 0.00 -50.00 -10.00 0.00 -64.41 -16.10 0.00 -0.00 -0.00 -0.00 -0.00
293 -50.00 -10.00 0.00 -50.00 -10.00 0.00 -50.00 -10.00 0.00 -50.00 -10.00 0.00 -64.41 -16.10 0.00 -0.00 -0.00 -0.00 -0.00
294 -50.00 -10.00 0.00 -50.00 -10.00 0.00 -50.00 -10.00 0.00 -50.00 -10.00 0.00 -64.41 -16.10 0.00 -0.00 -0.00 -0.00 -0.00
295 -50.00 -10.00 0.00 -50.00 -10.00 0.00 -50.00 -10.00 0.00 -50.00 -10.00 0.00 -64.41 -16.10 0.00 -0.00 -0.00 -0.00 -0.00
296 -50.00 -10.00 0.00 -50.00 -10.00 0.00 -50.00 -10.00 0.00 -50.00 -10.00 0.00 -64.41 -16.10 0.00 -0.00 -0.00 -0.00 -0.00
297 -50.00 -10.00 0.00 -50.00 -10.00 0.00 -50.00 -10.00 0.00 -50.00 -10.00 0.00 -64.41 -16.10 0.00 -0.00 -0.00 -0.00 -0.00
298 -50.00 -10.00 0.00 -50.00 -10.00 0.00 -50.00 -10.00 0.00 -50.00 -10.00 0.00 -64.41 -16.10 0.00 -0.00 -0.00 -0.00 -0.00
299 -50.00 -10.00 0.00 -50.00 -10.00 0.00 -50.00 -10.00 0.00 -50.00 -10.00 0.00 -64.41 -16.10 0.00 -0.00 -0.00 -0.00 -0.00
300 -50.00 -10.00 0.00 -50.00 -10.00 0.00 -50.00 -10.00 0.00 -50.00 -10.00 0.00 -64.41 -16.10 0.00 -0.00 -0.00 -0.00 -0.00
301 -50.00 -10.00 0.00 -50.00 -10.00 0.00 -50.00 -10.00 0.00 -50.00 -10.00 0.00 -64.41 -16.10 0.00 -0.00 -0.00 -0.00 -0.00
302 -50.00 -10.00 0.00 -50.00 -10.00 0.00 -50.00 -10.00 0.00 -50.00 -10.00 0.00 -64.41 -16.10 0.00 -0.00 -0.00 -0.00 -0.00
303 -50.00 -10.00 0.00 -50.00 -10.00 0.00 -50.00 -10.00 0.00 -50.00 -10.00 0.00 -64.41 -16.10 0.00 -0.00 -0.00 -0.00 -0.00
304 -50.00 -10.00 0.00 -50.00 -10.00 0.00 -50.00 -10.00 0.00 -50.00 -10.00 0.00 -64.41 -16.10 0.00 -0.00 -0.00 -0.00 -0.00
305 -50.00 -10.00 0.00 -50.00 -10.00 0.00 -50.00 -10.00 0.00 -50.00 -10.00 0.00 -64.41 -16.10 0.00 -0.00 -0.00 -0.00 -0.00
306 -50.00 -10.00 0.00 -50.00 -10.00 0.00 -50.00 -10.00 0.00 -50.00 -10.00 0.00 -64.41 -16.10 0.00 -0.00 -0.00 -0.00 -0.00
307 -50.00 -10.00 0.00 -50.00 -10.00 0.00 -50.00 -10.00 0.00 -50.00 -10.00 0.00 -64.41 -16.10 0.00 -0.00 -0.00 -0.00 -0.00
308 -50.00 -10.00 0.00 -50.00 -10.00 0.00 -50.00 -10.00 0.00 -50.00 -10.00 0.00 -64.41 -16.10 0.00 -0.00 -0.00 -0.00 -0.00
309 -50.00 -10.00 0.00 -50.00 -10.00 0.00 -50.00 -10.00 0.00 -50.00 -10.00 0.00 -64.41 -16.10 0.00 -0.00 -0.00 -0.00 -0.00
310 -50.00 -10.00 0.00 -50.00 -10.00 0.00 -50.00 -10.00 0.00 -50.00 -10.00 0.00 -64.41 -16.10 0.00 -0.00 -0.00 -0.00 -0.00
311 -50.00 -10.00 0.00 -50.00 -10.00 0.00 -50.00 -10.00 0.00 -50.00 -10.00 0.00 -64.41 -16.10 0.00 -0.00 -0.00 -0.00 -0.00
312 -50.00 -10.00 0.00 -50.00 -10.00 0.00 -50.00 -10.00 0.00 -50.00 -10.00 0.00 -64.41 -16.10 0.00 -0.00 -0.00 -0.00 -0.00
313 -50.00 -10.00 0.00 -50.00 -10.00 0.00 -50.00 -10.00 0.00 -50.00 -10.00 0.00 -64.41 -16.10 0.00 -0.00 -0.00 -0.00 -0.00
314 -50.00 -10.00 0.00 -50.00 -10.00 0.00 -50.00 -10.00 0.00 -50.00 -10.00 0.00 -64.41 -16.10 0.00 -0.00 -0.00 -0.00 -0.00
315 -50.00 -10.00 0.00 -50.00 -10.00 0.00 -50.00 -10.00 0.00 -50.00 -10.00 0.00 -64.41 -16.10 0.00 -0.00 -0.00 -0.00 -0.00
316 -50.00 -10.00 0.00 -50.00 -10.00 0.00 -50.00 -10.00 0.00 -50.00 -10.00 0.00 -64.41 -16.10 0.00 -0.00 -0.00 -0.00 -0.00
317 -50.00 -10.00 0.00 -50.00 -10.00 0.00 -50.00 -10.00 0.00 -50.00 -10.00 0.00 -64.41 -16.10 0.00 -0.00 -0.00 -0.00 -0.00
318 -50.00 -10.00 0.00 -50.00 -10.00 0.00 -50.00 -10.00 0.00 -50.00 -10.00 0.00 -64.41 -16.10 0.00 -0.00 -0.00 -0.00 -0.00
319 -50.00 -10.00 0.00 -50.00 -10.00 0.00 -50.00 -10.00 0.00 -50.00 -10.00 0.00 -64.41 -16.10 0.00 -0.00 -0.00 -0.00 -0.00
320 -50.00 -10.00 0.00 -50.00 -10.00 0.00 -50.00 -10.00 0.00 -50.00 -10.00 0.00 -64.41 -16.10 0.00 -0.00 -0.00 -0.00 -0.00
321 -50.00 -10.00 0.00 -50.00 -10.00 0.00 -50.00 -10.00 0.00 -50.00 -10.00 0.00 -64.41 -16.10 0.00 -0.00 -0.00 -0.00 -0.00
322 -50.00 -10.00 0.00 -50.00 -10.00 0.00 -50.00 -10.00 0.00 -50.00 -10.00 0.00 -64.41 -16.10 0.00 -0.00 -0.00 -0.00 -0.00
323 -50.00 -10.00 0.00 -50.00 -10.00 0.00 -50.00 -10.00 0.00 -50.00 -10.00 0.00 -64.41 -16.10 0.00 -0.00 -0.00 -0.00 -0.00
324 -50.00 -10.00 0.00 -50.00 -10.00 0.00 -50.00 -10.00 0.00 -50.00 -10.00 0.00 -64.41 -16.10 0.00 -0.00 -0.00 -0.00 -0.00
325 -50.00 -10.00 0.00 -50.00 -10.00 0.00 -50.00 -10.00 0.00 -50.00 -10.00 0.00 -64.41 -16.10 0.00 -0.00 -0.00 -0.00 -0.00
326 -50.00 -10.00 0.00 -50.00 -10.00 0.00 -50.00 -10.00 0.00 -50.00 -10.00 0.00 -64.41 -16.10 0.00 -0.00 -0.00 -0.00 -0.00
327 -50.00 -10.00 0.00 -50.00 -10.00 0.00 -50.00 -10.00 0.00 -50.00 -10.00 0.00 -64.41 -16.10 0.00 -0.00 -0.00 -0.00 -0.00
328 -50.00 -10.00 0.00 -50.00 -10.00 0.00 -50.00 -10.00 0.00 -50.00 -10.00 0.00 -64.41 -16.10 0.00 -0.00 -0.00 -0.00 -0.00
329 -50.00 -10.00 0.00 -50.00 -10.00 0.00 -50.00 -10.00 0.00 -50.00 -10.00 0.00 -64.41 -16.10 0.00 -0.00 -0.00 -0.00 -0.00
330 -50.00 -10.00 0.00 -50.00 -10.00 0.00 -50.00 -10.00 0.00 -50.00 -10.00 0.00 -64.41 -16.10 0.00 -0.00 -0.00 -0.00 -0.00
331 -50.00 -10.00 0.00 -50.00 -10.00 0.00 -50.00 -10.00 0.00 -50.00 -10.00 0.00 -64.41 -16.10 0.00 -0.00 -0.00 -0.00 -0.00
332 -50.00 -10.00 0.00 -50.00 -10.00 0.00 -50.00 -10.00 0.00 -50.00 -10.00 0.00 -64.41 -16.10 0.00 -0.00 -0.00 -0.00 -0.00
333 -50.00 -10.00 0.00 -50.00 -10.00 0.00 -50.00 -10.00 0.00 -50.00 -10.00 0.00 -64.41 -16.10 0.00 -0.00 -0.00 -0.00 -0.00
334 -50.00 -10.00 0.00 -50.00 -10.00 0.00 -50.00 -10.00 0.00 -50.00 -10.00 0.00 -64.41 -16.10 0.00 -0.00 -0.00 -0.00 -0.00
335 -50.00 -10.00 0.00 -50.00 -10.00 0.00 -50.00 -10.00 0.00 -50.00 -10.00 0.00 -64.41 -16.10 0.00 -0.00 -0.00 -0.00 -0.00
336 -50.00 -10.00 0.00 -50.00 -10.00 0.00 -50.00 -10.00 0.00 -50.00 -10.00 0.00 -64.41 -16.10 0.00 -0.00 -0.00 -0.00 -0.00
337 -50.00 -10.00 0.00 -50.00 -10.00 0.00 -50.00 -10.00 0.00 -50.00 -10.00 0.00 -64.41 -16.10 0.00 -0.00 -0.00 -0.00 -0.00
338 -50.00 -10.00 0.00 -50.00 -10.00 0.00 -50.00 -10.00 0.00 -50.00 -10.00 0.00 -64.41 -16.10 0.00 -0.00 -0.00 -0.00 -0.00
339 -50.00 -10.00 0.00 -50.00 -10.00 0.00 -50.00 -10.00 0.00 -50.00 -10.00 0.00 -64.41 -16.10 0.00 -0.00 -0.00 -0.00 -0.00
340 -50.00 -10.00 0.00 -50.00 -10.00 0.00 -50.00 -10.00 0.00 -50.00 -10.00 0.00 -64.41 -16.10 0.00 -0.00 -0.00 -0.00 -0.00
341 -50.00 -10.00 0.00 -50.00 -10.00 0.00 -50.00 -10.00 0.00 -50.00 -10.00 0.00 -64.41 -16.10 0.00 -0.00 -0.00 -0.00 -0.00
342 -50.00 -10.00 0.00 -50.00 -10.00 0.00 -50.00 -10.00 0.00 -50.00 -10.00 0.00 -64.41 -16.10 0.00 -0.00 -0.00 -0.00 -0.00
343 -50.00 -10.00 0.00 -50.00 -10.00 0.00 -50.00 -10.00 0.00 -50.00 -10.00 0.00 -64.41 -16.10 0.00 -0.00 -0.00 -0.00 -0.00
344 -50.00 -10.00 0.00 -50.00 -10.00 0.00 -50.00 -10.00 0.00 -50.00 -10.00 0.00 -64.41 -16.10 0.00 -0.00 -0.00 -0.00 -0.00
345 -50.00 -10.00 0.00 -50.00 -10.00 0.00 -50.00 -10.00 0.00 -50.00 -10.00 0.00 -64.41 -16.10 0.00 -0.00 -0.00 -0.00 -0.00
346 -50.00 -10.00 0.00 -50.00 -10.00 0.00 -50.00 -10.00 0.00 -50.00 -10.00 0.00 -64.41 -16.10 0.00 -0.00 -0.00 -0.00 -0.00
347 -50.00 -10.00 0.00 -50.00 -10.00 0.00 -50.00 -10.00 0.00 -50.00 -10.00 0.00 -64.41 -16.10 0.00 -0.00 -0.00 -0.00 -0.00
348 -50.00 -10.00 0.00 -50.00 -10.00 0.00 -50.00 -10.00 0.00 -50.00 -10.00 0.00 -64.41 -16.10 0.00 -0.00 -0.00 -0.00 -0.00
349 -50.00 -10.00 0.00 -50.00 -10.00 0.00 -50.00 -10.00 0.00 -50.00 -10.00 0.00 -64.41 -16.10 0.00 -0.00 -0.00 -0.00 -0.00
350 -50.00 -10.00 0.00 -50.00 -10.00 0.00 -50.00 -10.00 0.00 -50.00 -10.00 0.00 -64.41 -16.10 0.00 -0.00 -0.00 -0.00 -0.00
351 -50.00 -10.00 0.00 -50.00 -10.00 0.00 -50.00 -10.00 0.00 -50.00 -10.00 0.00 -64.41 -16.10 0.00 -0.00 -0.00 -0.00 -0.00
352 -50.00 -10.00 0.00 -50.00 -10.00 0.00 -50.00 -10.00 0.00 -50.00 -10.00 0.00 -64.41 -16.10 0.00 -0.00 -0.00 -0.00 -0.00
353 -50.00 -10.00 0.00 -50.00 -10.00 0.00 -50.00 -10.00 0.00 -50.00 -10.00 0.00 -64.41 -16.10 0.00 -0.00 -0.00 -0.00 -0.00
354 -50.00 -10.00 0.00 -50.00 -10.00 0.00 -50.00 -10.00 0.00 -50.00 -10.00 0.00 -64.41 -16.10 0.00 -0.00 -0.00 -0.00 -0.00
355 -50.00 -10.00 0.00 -50.00 -10.00 0.00 -50.00 -10.00 0.00 -50.00 -10.00 0.00 -64.41 -16.10 0.00 -0.00 -0.00 -0.00 -0.00
356 -50.00 -10.00 0.00 -50.00 -10.00 0.00 -50.00 -10.00 0.00 -50.00 -10.00 0.00 -64.41 -16.10 0.00 -0.00 -0.00 -0.00 -0.00
357 -50.00 -10.00 0.00 -50.00 -10.00 0.00 -50.00 -10.00 0.00 -50.00 -10.00 0.00 -64.41 -16.10 0.00 -0.00 -0.00 -0.00 -0.00
358 -50.00 -10.00 0.00 -50.00 -10.00 0.00 -50.00 -10.00 0.00 -50.00 -10.00 0.00 -64.41 -16.10 0.00 -0.00 -0.00 -0.00 -0.00
359 -50.00 -10.00 0.00 -50.00 -10.00 0.00 -50.00 -10.00 0.00 -50.00 -10.00 0.00 -64.41 -16.10 0.00 -0.00 -0.00 -0.00 -0.00
360 -50.00 -10.00 0.00 -50.00 -10.00 0.00 -50.00 -10.00 0.00 -50.00 -10.00 0.00 -64.41 -16.10 0.00 -0.00 -0.00 -0.00 -0.00
361 -50.00 -10.00 0.00 -50.00 -10.00 0.00 -50.00 -10.00 0.00 -50.00 -10.00 0.00 -64.41 -16.10 0.00 -0.00 -0.00 -0.00 -0.00
362 -50.00 -10.00 0.00 -50.00 -10.00 0.00 -50.00 -10.00 0.00 -50.00 -10.00 0.00 -64.41 -16.10 0.00 -0.00 -0.00 -0.00 -0.00
363 -50.00 -10.00 0.00 -50.00 -10.00 0.00 -50.00 -10.00 0.00 -50.00 -10.00 0.00 -64.41 -16.10 0.00 -0.00 -0.00 -0.00 -0.00
364 -50.00 -10.00 0.00 -50.00 -10.00 0.00 -50.00 -10.00 0.00 -50.00 -10.00 0.00 -64.41 -16.10 0.00 -0.00 -0.00 -0.00 -0.00
365 -50.00 -10.00 0.00 -50.00 -10.00 0.00 -50.00 -10.00 0.00 -50.00 -10.00 0.00 -64.41 -16.10 0.00 -0.00 -0.00 -0.00 -0.00
366 -50.00 -10.00 0.00 -50.00 -10.00 0.00 -50.00 -10.00 0.00 -50.00 -10.00 0.00 -64.41 -16.10 0.00 -0.00 -0.00 -0.00 -0.00
367 -50.00 -10.00 0.00 -50.00 -10.00 0.00 -50.00 -10.00 0.00 -50.00 -10.00 0.00 -64.41 -16.10 0.00 -0.00 -0.00 -0.00 -0.00
368 -50.00 -10.00 0.00 -50.00 -10.00 0.00 -50.00 -10.00 0.00 -50.00 -10.00 0.00 -64.41 -16.10 0.00 -0.00 -0.00 -0.00 -0.00
369 -50.00 -10.00 0.00 -50.00 -10.00 0.00 -50.00 -10.00 0.00 -50.00 -10.00 0.00 -64.41 -16.10 0.00 -0.00 -0.00 -0.00 -0.00
370 -50.00 -10.00 0.00 -50.00 -10.00 0.00 -50.00 -10.00 0.00 -50.00 -10.00 0.00 -64.41 -16.10 0.00 -0.00 -0.00 -0.00 -0.00
371 -50.00 -10.00 0.00 -50.00 -10.00 0.00 -50.00 -10.00 0.00 -50.00 -10.00 0.00 -64.41 -16.10 0.00 -0.00 -0.00 -0.00 -0.00
372 -50.00 -10.00 0.00 -50.00 -10.00 0.00 -50.00 -10.00 0.00 -50.00 -10.00 0.00 -64.41 -16.10 0.00 -0.00 -0.00 -0.00 -0.00
373 -50.00 -10.00 0.00 -50.00 -10.00 0.00 -50.00 -10.00 0.00 -50.00 -10.00 0.00 -64.41 -16.10 0.00 -0.00 -0.00 -0.00 -0.00
374 -50.00 -10.00 0.00 -50.00 -10.00 0.00 -50.00 -10.00 0.00 -50.00 -10.00 0.00 -64.41 -16.10 0.00 -0.00 -0.00 -0.00 -0.00
375 -50.00 -10.00 0.00 -50.00 -10.00 0.00 -50.00 -10.00 0.00 -50.00 -10.00 0.00 -64.41 -16.10 0.00 -0.00 -0.00 -0.00 -0.00
376 -50.00 -10.00 0.00 -50.00 -10.00 0.00 -50.00 -10.00 0.00 -50.00 -10.00 0.00 -64.41 -16.10 0.00 -0.00 -0.00 -0.00 -0.00
377 -50.00 -10.00 0.00 -50.00 -10.00 0.00 -50.00 -10.00 0.00 -50.00 -10.00 0.00 -64.41 -16.10 0.00 -0.00 -0.00 -0.00 -0.00
378 -50.00 -10.00 0.00 -50.00 -10.00 0.00 -50.00 -10.00 0.00 -50.00 -10.00 0.00 -64.41 -16.10 0.00 -0.00 -0.00 -0.00 -0.00
379 -50.00 -10.00 0.00 -50.00 -10.00 0.00 -50.00 -10.00 0.00 -50.00 -10.00 0.00 -64.41 -16.10 0.00 -0.00 -0.00 -0.00 -0.00
380 -50.00 -10.00 0.00 -50.00 -10.00 0.00 -50.00 -10.00 0.00 -50.00 -10.00 0.00 -64.41 -16.10 0.00 -0.00 -0.00 -0.00 -0.00
381 -50.00 -10.00 0.00 -50.00 -10.00 0.00 -50.00 -10.00 0.00 -50.00 -10.00 0.00 -64.41 -16.10 0.00 -0.00 -0.00 -0.00 -0.00
382 -50.00 -10.00 0.00 -50.00 -10.00 0.00 -50.00 -10.00 0.00 -50.00 -10.00 0.00 -64.41 -16.10 0.00 -0.00 -0.00 -0.00 -0.00
383 -50.00 -10.00 0.00 -50.00 -10.00 0.00 -50.00 -10.00 0.00 -50.00 -10.00 0.00 -64.41 -16.10 0.00 -0.00 -0.00 -0.00 -0.00
384 -50.00 -10.00 0.00 -50.00 -10.00 0.00 -50.00 -10.00 0.00 -50.00 -10.00 0.00 -64.41 -16.10 0.00 -0.00 -0.00 -0.00 -0.00
385 -50.00 -10.00 0.00 -50.00 -10.00 0.00 -50.00 -10.00 0.00 -50.00 -10.00 0.00 -64.41 -16.10 0.00 -0.00 -0.00 -0.00 -0.00
386 -50.00 -10.00 0.00 -50.00 -10.00 0.00 -50.00 -10.00 0.00 -50.00 -10.00 0.00 -64.41 -16.10 0.00 -0.00 -0.00 -0.00 -0.00
387 -50.00 -10.00 0.00 -50.00 -10.00 0.00 -50.00 -10.00 0.00 -50.00 -10.00 0.00 -64.41 -16.10 0.00 -0.00 -0.00 -0.00 -0.00
388 -50.00 -10.00 0.00 -50.00 -10.00 0.00 -50.00 -10.00 0.00 -50.00 -10.00 0.00 -64.41 -16.10 0.00 -0.00 -0.00 -0.00 -0.00
389 -50.00 -10.00 0.00 -50.00 -10.00 0.00 -50.00 -10.00 0.00 -50.00 -10.00 0.00 -64.41 -16.10 0.00 -0.00 -0.00 -0.00 -0.00
390 -50.00 -10.00 0.00 -50.00 -10.00 0.00 -50.00 -10.00 0.00 -50.00 -10.00 0.00 -64.41 -16.10 0.00 -0.00 -0.00 -0.00 -0.00
391 -50.00 -10.00 0.00 -50.00 -10.00 0.00 -50.00 -10.00 0.00 -50.00 -10.00 0.00 -64.41 -16.10 0.00 -0.00 -0.00 -0.00 -0.00
392 -50.00 -10.00 0.00 -50.00 -10.00 0.00 -50.00 -10.00 0.00 -50.00 -10.00 0.00 -64.41 -16.10 0.00 -0.00 -0.00 -0.00 -0.00
393 -50.00 -10.00 0.00 -50.00 -10.00 0.00 -50.00 -10.00 0.00 -50.00 -10.00 0.00 -64.41 -16.10 0.00 -0.00 -0.00 -0.00 -0.00
394 -50.00 -10.00 0.00 -50.00 -10.00 0.00 -50.00 -10.00 0.00 -50.00 -10.00 0.00 -64.41 -16.10 0.00 -0.00 -0.00 -0.00 -0.00
395 -50.00 -10.00 0.00 -50.00 -10.00 0.00 -50.00 -10.00 0.00 -50.00 -10.00 0.00 -64.41 -16.10 0.00 -0.00 -0.00 -0.00 -0.00
396 -50.00 -10.00 0.00 -50.00 -10.00 0.00 -50.00 -10.00 0.00 -50.00 -10.00 0.00 -64.41 -16.10 0.00 -0.00 -0.00 -0.00 -0.00
397 -50.00 -10.00 0.00 -50.00 -10.00 0.00 -50.00 -10.00 0.00 -50.00 -10.00 0.00 -64.41 -16.10 0.00 -0.00 -0.00 -0.00 -0.00
398 -50.00 -10.00 0.00 -50.00 -10.00 0.00 -50.00 -10.00 0.00 -50.00 -10.00 0.00 -64.41 -16.10 0.00 -0.00 -0.00 -0.00 -0.00
399 -50.00 -10.00 0.00 -50.00 -10.00 0.00 -50.00 -10.00 0.00 -50.00 -10.00 0.00 -64.41 -16.10 0.00 -0.00 -0.00 -0.00 -0.00
400 -50.00 -10.00 0.00 -50.00 -10.00 0.00 -50.00 -10.00 0.00 -50.00 -10.00 0.00 -64.41 -16.10 0.00 -0.00 -0.00 -0.00 -0.00
401 -50.00 -10.00 0.00 -50.00 -10.00 0.00 -50.00 -10.00 0.00 -50.00 -10.00 0.00 -64.41 -16.10 0.00 -0.00 -0.00 -0.00 -0.00
