300 -67.37 -0.95 15.00 -71.63 -12.96 0.00 -50.00 -10.00 0.00 -50.00 -10.00 0.00 -70.69 -18.17 -4.25 -4.25 -0.00 -0.00 -0.00
300 -50.00 -10.00 0.00 -71.63 -12.96 0.00 -67.37 -0.95 15.00 -50.00 -10.00 0.00 -70.68 -18.18 -4.26 -0.00 -0.00 -4.26 -0.00
300 -50.00 -10.00 0.00 -71.63 -12.96 0.00 -50.00 -10.00 0.00 -67.37 -0.95 15.00 -75.07 -14.22 -4.01 -0.00 -0.00 -0.00 -4.01
300 -67.37 -0.95 15.00 -50.00 -10.00 0.00 -71.63 -12.96 0.00 -50.00 -10.00 0.00 -70.72 -18.14 -4.25 -4.25 -0.00 -0.00 -0.00
300 -50.00 -10.00 0.00 -50.00 -10.00 0.00 -71.63 -12.96 0.00 -67.37 -0.95 15.00 -75.13 -14.16 -4.01 -0.00 -0.00 -0.00 -4.01
300 -67.37 -0.95 15.00 -50.00 -10.00 0.00 -50.00 -10.00 0.00 -71.63 -12.96 0.00 -70.68 -18.17 -4.25 -4.25 -0.00 -0.00 -0.00
300 -50.00 -10.00 0.00 -50.00 -10.00 0.00 -67.37 -0.95 15.00 -71.63 -12.96 0.00 -70.68 -18.18 -4.26 -0.00 -0.00 -4.26 -0.00
300 -71.63 -12.96 0.00 -50.00 -10.00 0.00 -67.37 -0.95 15.00 -50.00 -10.00 0.00 -70.69 -18.17 -4.26 -0.00 -0.00 -4.26 -0.00
300 -71.63 -12.96 0.00 -50.00 -10.00 0.00 -50.00 -10.00 0.00 -67.37 -0.95 15.00 -75.10 -14.19 -4.01 -0.00 -0.00 -0.00 -4.01
300 -67.37 -0.95 15.00 -50.00 -10.00 0.00 -71.63 -12.96 0.00 -50.00 -10.00 0.00 -70.72 -18.14 -4.25 -4.25 -0.00 -0.00 -0.00
300 -50.00 -10.00 0.00 -50.00 -10.00 0.00 -71.63 -12.96 0.00 -67.37 -0.95 15.00 -75.13 -14.16 -4.01 -0.00 -0.00 -0.00 -4.01
300 -67.37 -0.95 15.00 -50.00 -10.00 0.00 -50.00 -10.00 0.00 -71.63 -12.96 0.00 -70.68 -18.17 -4.25 -4.25 -0.00 -0.00 -0.00
300 -50.00 -10.00 0.00 -50.00 -10.00 0.00 -67.37 -0.95 15.00 -71.63 -12.96 0.00 -70.68 -18.18 -4.26 -0.00 -0.00 -4.26 -0.00
300 -71.63 -12.96 0.00 -50.00 -10.00 0.00 -67.37 -0.95 15.00 -50.00 -10.00 0.00 -70.69 -18.17 -4.26 -0.00 -0.00 -4.26 -0.00
300 -71.63 -12.96 0.00 -50.00 -10.00 0.00 -50.00 -10.00 0.00 -67.37 -0.95 15.00 -75.10 -14.19 -4.01 -0.00 -0.00 -0.00 -4.01
300 -67.37 -0.95 15.00 -71.63 -12.96 0.00 -50.00 -10.00 0.00 -50.00 -10.00 0.00 -70.69 -18.17 -4.25 -4.25 -0.00 -0.00 -0.00
300 -50.00 -10.00 0.00 -71.63 -12.96 0.00 -67.37 -0.95 15.00 -50.00 -10.00 0.00 -70.68 -18.18 -4.26 -0.00 -0.00 -4.26 -0.00
300 -50.00 -10.00 0.00 -71.63 -12.96 0.00 -50.00 -10.00 0.00 -67.37 -0.95 15.00 -75.07 -14.22 -4.01 -0.00 -0.00 -0.00 -4.01
300 -67.37 -0.95 15.00 -50.00 -10.00 0.00 -50.00 -10.00 0.00 -71.63 -12.96 0.00 -70.68 -18.17 -4.25 -4.25 -0.00 -0.00 -0.00
300 -50.00 -10.00 0.00 -50.00 -10.00 0.00 -67.37 -0.95 15.00 -71.63 -12.96 0.00 -70.68 -18.18 -4.26 -0.00 -0.00 -4.26 -0.00
300 -71.63 -12.96 0.00 -50.00 -10.00 0.00 -67.37 -0.95 15.00 -50.00 -10.00 0.00 -70.69 -18.17 -4.26 -0.00 -0.00 -4.26 -0.00
300 -71.63 -12.96 0.00 -50.00 -10.00 0.00 -50.00 -10.00 0.00 -67.37 -0.95 15.00 -75.10 -14.19 -4.01 -0.00 -0.00 -0.00 -4.01
300 -67.37 -0.95 15.00 -71.63 -12.96 0.00 -50.00 -10.00 0.00 -50.00 -10.00 0.00 -70.69 -18.17 -4.25 -4.25 -0.00 -0.00 -0.00
300 -50.00 -10.00 0.00 -71.63 -12.96 0.00 -67.37 -0.95 15.00 -50.00 -10.00 0.00 -70.68 -18.18 -4.26 -0.00 -0.00 -4.26 -0.00
300 -50.00 -10.00 0.00 -71.63 -12.96 0.00 -50.00 -10.00 0.00 -67.37 -0.95 15.00 -75.07 -14.22 -4.01 -0.00 -0.00 -0.00 -4.01
300 -67.37 -0.95 15.00 -50.00 -10.00 0.00 -71.63 -12.96 0.00 -50.00 -10.00 0.00 -70.72 -18.14 -4.25 -4.25 -0.00 -0.00 -0.00
300 -50.00 -10.00 0.00 -50.00 -10.00 0.00 -71.63 -12.96 0.00 -67.37 -0.95 15.00 -75.13 -14.16 -4.01 -0.00 -0.00 -0.00 -4.01
