1 -30.12 -9.92 15.00 -50.00 -10.00 0.00 -50.00 -10.00 0.00 -50.00 -10.00 0.00 -64.76 -16.25 0.00 -0.00 -0.00 -0.00 -0.00
2 30.00 -9.46 15.00 -50.00 -10.00 0.00 -50.00 -10.00 0.00 -50.00 -10.00 0.00 -64.57 -16.25 0.00 -0.00 -0.00 -0.00 -0.00
3 -50.00 -7.46 15.00 -50.00 -10.00 0.00 -50.00 -10.00 0.00 -50.00 -10.00 0.00 -69.18 -16.27 -5.11 -5.11 -0.00 -0.00 -0.00
4 -33.65 -7.44 15.00 -50.00 -10.00 0.00 -50.00 -10.00 0.00 -50.00 -10.00 0.00 -74.95 -16.32 -8.74 -8.74 -0.00 -0.00 -0.00
5 30.00 -7.15 15.00 -50.00 -10.00 0.00 -50.00 -10.00 0.00 -50.00 -10.00 0.00 -78.54 -16.38 -11.22 -11.22 -0.00 -0.00 -0.00
6 -50.00 -5.15 15.00 -50.00 -10.00 0.00 -50.00 -10.00 0.00 -50.00 -10.00 0.00 -74.79 -16.43 -5.11 -5.11 -0.00 -0.00 -0.00
7 -36.80 -5.19 15.00 -50.00 -10.00 0.00 -50.00 -10.00 0.00 -50.00 -10.00 0.00 -76.66 -16.48 -8.74 -8.74 -0.00 -0.00 -0.00
8 13.78 -5.03 15.00 -50.00 -10.00 0.00 -50.00 -10.00 0.00 -50.00 -10.00 0.00 -78.74 -16.55 -11.22 -11.22 -0.00 -0.00 -0.00
9 30.00 -1.37 15.00 -50.00 -10.00 0.00 -50.00 -10.00 0.00 -50.00 -10.00 0.00 -80.04 -16.62 -12.80 -12.80 -0.00 -0.00 -0.00
10 -50.00 0.63 15.00 -50.00 -10.00 0.00 -50.00 -10.00 0.00 -50.00 -10.00 0.00 -74.84 -16.66 -5.11 -5.11 -0.00 -0.00 -0.00
11 -44.44 0.44 15.00 -50.00 -10.00 0.00 -50.00 -10.00 0.00 -50.00 -10.00 0.00 -76.50 -16.71 -8.74 -8.74 -0.00 -0.00 -0.00
12 -28.35 0.32 15.00 -50.00 -10.00 0.00 -50.00 -10.00 0.00 -50.00 -10.00 0.00 -78.56 -16.77 -11.22 -11.22 -0.00 -0.00 -0.00
13 30.00 0.54 15.00 -50.00 -10.00 0.00 -50.00 -10.00 0.00 -50.00 -10.00 0.00 -79.87 -16.83 -12.80 -12.80 -0.00 -0.00 -0.00
14 -50.00 2.54 15.00 -50.00 -10.00 0.00 -50.00 -10.00 0.00 -50.00 -10.00 0.00 -74.66 -16.87 -5.11 -5.11 -0.00 -0.00 -0.00
15 -46.90 2.30 15.00 -50.00 -10.00 0.00 -50.00 -10.00 0.00 -50.00 -10.00 0.00 -76.31 -16.91 -8.74 -8.74 -0.00 -0.00 -0.00
16 -38.60 2.10 15.00 -50.00 -10.00 0.00 -50.00 -10.00 0.00 -50.00 -10.00 0.00 -78.38 -16.97 -11.22 -11.22 -0.00 -0.00 -0.00
17 -7.87 2.03 15.00 -50.00 -10.00 0.00 -50.00 -10.00 0.00 -50.00 -10.00 0.00 -79.72 -17.03 -12.80 -12.80 -0.00 -0.00 -0.00
18 30.00 3.20 15.00 -50.00 -10.00 0.00 -50.00 -10.00 0.00 -50.00 -10.00 0.00 -80.40 -17.09 -13.68 -13.68 -0.00 -0.00 -0.00
19 -50.00 5.20 15.00 -50.00 -10.00 0.00 -50.00 -10.00 0.00 -50.00 -10.00 0.00 -74.55 -17.12 -5.11 -5.11 -0.00 -0.00 -0.00
20 -50.25 4.89 15.00 -50.00 -10.00 0.00 -50.00 -10.00 0.00 -50.00 -10.00 0.00 -76.10 -17.16 -8.74 -8.74 -0.00 -0.00 -0.00
21 -50.43 4.60 15.00 -50.00 -10.00 0.00 -50.00 -10.00 0.00 -50.00 -10.00 0.00 -78.18 -17.20 -11.22 -11.22 -0.00 -0.00 -0.00
22 -50.44 4.30 15.00 -50.00 -10.00 0.00 -50.00 -10.00 0.00 -50.00 -10.00 0.00 -79.54 -17.26 -12.80 -12.80 -0.00 -0.00 -0.00
23 -50.12 4.02 15.00 -50.00 -10.00 0.00 -50.00 -10.00 0.00 -50.00 -10.00 0.00 -80.23 -17.31 -13.68 -13.68 -0.00 -0.00 -0.00
24 -49.03 3.74 15.00 -50.00 -10.00 0.00 -50.00 -10.00 0.00 -50.00 -10.00 0.00 -80.50 -17.37 -14.05 -14.05 -0.00 -0.00 -0.00
25 -46.12 3.48 15.00 -50.00 -10.00 0.00 -50.00 -10.00 0.00 -50.00 -10.00 0.00 -80.46 -17.42 -14.02 -14.02 -0.00 -0.00 -0.00
26 -37.98 3.26 15.00 -50.00 -10.00 0.00 -50.00 -10.00 0.00 -50.00 -10.00 0.00 -80.23 -17.48 -13.71 -13.71 -0.00 -0.00 -0.00
27 -6.96 3.16 15.00 -50.00 -10.00 0.00 -50.00 -10.00 0.00 -50.00 -10.00 0.00 -79.84 -17.53 -13.20 -13.20 -0.00 -0.00 -0.00
28 30.00 4.36 15.00 -50.00 -10.00 0.00 -50.00 -10.00 0.00 -50.00 -10.00 0.00 -79.34 -17.57 -12.55 -12.55 -0.00 -0.00 -0.00
29 -50.00 6.36 15.00 -50.00 -10.00 0.00 -50.00 -10.00 0.00 -50.00 -10.00 0.00 -74.04 -17.59 -5.11 -5.11 -0.00 -0.00 -0.00
30 -51.69 6.03 15.00 -50.00 -10.00 0.00 -50.00 -10.00 0.00 -50.00 -10.00 0.00 -75.61 -17.62 -8.74 -8.74 -0.00 -0.00 -0.00
31 -54.83 5.69 15.00 -50.00 -10.00 0.00 -50.00 -10.00 0.00 -50.00 -10.00 0.00 -77.76 -17.65 -11.22 -11.22 -0.00 -0.00 -0.00
32 -60.01 5.33 15.00 -50.00 -10.00 0.00 -50.00 -10.00 0.00 -50.00 -10.00 0.00 -79.18 -17.70 -12.80 -12.80 -0.00 -0.00 -0.00
33 -66.46 4.96 15.00 -50.00 -10.00 0.00 -50.00 -10.00 0.00 -50.00 -10.00 0.00 -79.91 -17.74 -13.68 -13.68 -0.00 -0.00 -0.00
34 -71.44 4.58 15.00 -50.00 -10.00 0.00 -50.00 -10.00 0.00 -50.00 -10.00 0.00 -80.19 -17.79 -14.05 -14.05 -0.00 -0.00 -0.00
35 -73.57 4.19 15.00 -50.00 -10.00 0.00 -50.00 -10.00 0.00 -50.00 -10.00 0.00 -80.17 -17.83 -14.02 -14.02 -0.00 -0.00 -0.00
36 -73.99 3.81 15.00 -50.00 -10.00 0.00 -50.00 -10.00 0.00 -50.00 -10.00 0.00 -79.94 -17.88 -13.71 -13.71 -0.00 -0.00 -0.00
37 -73.82 3.44 15.00 -50.00 -10.00 0.00 -50.00 -10.00 0.00 -50.00 -10.00 0.00 -79.55 -17.92 -13.20 -13.20 -0.00 -0.00 -0.00
38 -73.48 3.08 15.00 -50.00 -10.00 0.00 -50.00 -10.00 0.00 -50.00 -10.00 0.00 -79.05 -17.95 -12.55 -12.55 -0.00 -0.00 -0.00
39 -73.09 2.72 15.00 -50.00 -10.00 0.00 -50.00 -10.00 0.00 -50.00 -10.00 0.00 -78.48 -17.99 -11.81 -11.81 -0.00 -0.00 -0.00
40 -72.68 2.38 15.00 -50.00 -10.00 0.00 -50.00 -10.00 0.00 -50.00 -10.00 0.00 -77.84 -18.02 -11.02 -11.02 -0.00 -0.00 -0.00
41 -72.27 2.04 15.00 -50.00 -10.00 0.00 -50.00 -10.00 0.00 -50.00 -10.00 0.00 -77.17 -18.04 -10.22 -10.22 -0.00 -0.00 -0.00
42 -71.84 1.71 15.00 -50.00 -10.00 0.00 -50.00 -10.00 0.00 -50.00 -10.00 0.00 -76.47 -18.06 -9.41 -9.41 -0.00 -0.00 -0.00
43 -71.41 1.39 15.00 -50.00 -10.00 0.00 -50.00 -10.00 0.00 -50.00 -10.00 0.00 -75.75 -18.08 -8.63 -8.63 -0.00 -0.00 -0.00
44 -70.97 1.08 15.00 -50.00 -10.00 0.00 -50.00 -10.00 0.00 -50.00 -10.00 0.00 -75.03 -18.09 -7.88 -7.88 -0.00 -0.00 -0.00
45 -70.52 0.78 15.00 -50.00 -10.00 0.00 -50.00 -10.00 0.00 -50.00 -10.00 0.00 -74.30 -18.10 -7.16 -7.16 -0.00 -0.00 -0.00
46 -70.06 0.48 15.00 -50.00 -10.00 0.00 -50.00 -10.00 0.00 -50.00 -10.00 0.00 -73.58 -18.11 -6.49 -6.49 -0.00 -0.00 -0.00
47 -69.59 0.19 15.00 -50.00 -10.00 0.00 -50.00 -10.00 0.00 -50.00 -10.00 0.00 -72.86 -18.11 -5.86 -5.86 -0.00 -0.00 -0.00
48 -69.10 -0.09 15.00 -50.00 -10.00 0.00 -50.00 -10.00 0.00 -50.00 -10.00 0.00 -72.16 -18.11 -5.27 -5.27 -0.00 -0.00 -0.00
49 -68.60 -0.36 15.00 -50.00 -10.00 0.00 -50.00 -10.00 0.00 -50.00 -10.00 0.00 -71.47 -18.11 -4.74 -4.74 -0.00 -0.00 -0.00
50 -68.07 -0.62 15.00 -50.00 -10.00 0.00 -50.00 -10.00 0.00 -50.00 -10.00 0.00 -70.79 -18.10 -4.25 -4.25 -0.00 -0.00 -0.00
51 -67.52 -0.88 15.00 -50.00 -10.00 0.00 -50.00 -10.00 0.00 -50.00 -10.00 0.00 -70.12 -18.09 -3.80 -3.80 -0.00 -0.00 -0.00
52 -66.94 -1.13 15.00 -50.00 -10.00 0.00 -50.00 -10.00 0.00 -50.00 -10.00 0.00 -69.47 -18.07 -3.39 -3.39 -0.00 -0.00 -0.00
53 -66.33 -1.38 15.00 -50.00 -10.00 0.00 -50.00 -10.00 0.00 -50.00 -10.00 0.00 -68.83 -18.05 -3.02 -3.02 -0.00 -0.00 -0.00
54 -65.67 -1.61 15.00 -50.00 -10.00 0.00 -50.00 -10.00 0.00 -50.00 -10.00 0.00 -68.20 -18.03 -2.69 -2.69 -0.00 -0.00 -0.00
55 -64.95 -1.84 15.00 -50.00 -10.00 0.00 -50.00 -10.00 0.00 -50.00 -10.00 0.00 -67.58 -18.01 -2.39 -2.39 -0.00 -0.00 -0.00
56 -64.16 -2.06 15.00 -50.00 -10.00 0.00 -50.00 -10.00 0.00 -50.00 -10.00 0.00 -66.97 -17.99 -2.12 -2.12 -0.00 -0.00 -0.00
57 -63.27 -2.27 15.00 -50.00 -10.00 0.00 -50.00 -10.00 0.00 -50.00 -10.00 0.00 -66.37 -17.96 -1.88 -1.88 -0.00 -0.00 -0.00
58 -62.24 -2.47 15.00 -50.00 -10.00 0.00 -50.00 -10.00 0.00 -50.00 -10.00 0.00 -65.77 -17.93 -1.66 -1.66 -0.00 -0.00 -0.00
59 -61.00 -2.67 15.00 -50.00 -10.00 0.00 -50.00 -10.00 0.00 -50.00 -10.00 0.00 -65.18 -17.90 -1.47 -1.47 -0.00 -0.00 -0.00
60 -59.43 -2.85 15.00 -50.00 -10.00 0.00 -50.00 -10.00 0.00 -50.00 -10.00 0.00 -64.58 -17.86 -1.30 -1.30 -0.00 -0.00 -0.00
61 -57.31 -3.02 15.00 -50.00 -10.00 0.00 -50.00 -10.00 0.00 -50.00 -10.00 0.00 -63.96 -17.82 -1.15 -1.15 -0.00 -0.00 -0.00
62 -54.13 -3.18 15.00 -50.00 -10.00 0.00 -50.00 -10.00 0.00 -50.00 -10.00 0.00 -63.33 -17.78 -1.01 -1.01 -0.00 -0.00 -0.00
63 -48.48 -3.31 15.00 -50.00 -10.00 0.00 -50.00 -10.00 0.00 -50.00 -10.00 0.00 -62.67 -17.74 -0.89 -0.89 -0.00 -0.00 -0.00
64 -35.29 -3.39 15.00 -50.00 -10.00 0.00 -50.00 -10.00 0.00 -50.00 -10.00 0.00 -61.96 -17.70 -0.78 -0.78 -0.00 -0.00 -0.00
65 18.76 -3.24 15.00 -50.00 -10.00 0.00 -50.00 -10.00 0.00 -50.00 -10.00 0.00 -61.18 -17.65 -0.69 -0.69 -0.00 -0.00 -0.00
66 30.00 1.11 15.00 -50.00 -10.00 0.00 -50.00 -10.00 0.00 -50.00 -10.00 0.00 -60.29 -17.60 -0.60 -0.60 -0.00 -0.00 -0.00
67 -50.00 3.11 15.00 -50.00 -10.00 0.00 -50.00 -10.00 0.00 -50.00 -10.00 0.00 -63.95 -17.56 -5.11 -5.11 -0.00 -0.00 -0.00
68 -47.62 2.86 15.00 -50.00 -10.00 0.00 -50.00 -10.00 0.00 -50.00 -10.00 0.00 -70.81 -17.57 -8.74 -8.74 -0.00 -0.00 -0.00
69 -41.33 2.63 15.00 -50.00 -10.00 0.00 -50.00 -10.00 0.00 -50.00 -10.00 0.00 -76.51 -17.60 -11.22 -11.22 -0.00 -0.00 -0.00
70 -20.37 2.50 15.00 -50.00 -10.00 0.00 -50.00 -10.00 0.00 -50.00 -10.00 0.00 -79.03 -17.64 -12.80 -12.80 -0.00 -0.00 -0.00
71 30.00 2.95 15.00 -50.00 -10.00 0.00 -50.00 -10.00 0.00 -50.00 -10.00 0.00 -79.93 -17.69 -13.68 -13.68 -0.00 -0.00 -0.00
72 -50.00 4.95 15.00 -50.00 -10.00 0.00 -50.00 -10.00 0.00 -50.00 -10.00 0.00 -74.05 -17.70 -5.11 -5.11 -0.00 -0.00 -0.00
73 -49.94 4.65 15.00 -50.00 -10.00 0.00 -50.00 -10.00 0.00 -50.00 -10.00 0.00 -75.53 -17.73 -8.74 -8.74 -0.00 -0.00 -0.00
74 -49.44 4.36 15.00 -50.00 -10.00 0.00 -50.00 -10.00 0.00 -50.00 -10.00 0.00 -77.67 -17.76 -11.22 -11.22 -0.00 -0.00 -0.00
75 -47.90 4.08 15.00 -50.00 -10.00 0.00 -50.00 -10.00 0.00 -50.00 -10.00 0.00 -79.10 -17.80 -12.80 -12.80 -0.00 -0.00 -0.00
76 -43.72 3.83 15.00 -50.00 -10.00 0.00 -50.00 -10.00 0.00 -50.00 -10.00 0.00 -79.83 -17.85 -13.68 -13.68 -0.00 -0.00 -0.00
77 -30.89 3.63 15.00 -50.00 -10.00 0.00 -50.00 -10.00 0.00 -50.00 -10.00 0.00 -80.12 -17.89 -14.05 -14.05 -0.00 -0.00 -0.00
78 30.00 3.69 15.00 -50.00 -10.00 0.00 -50.00 -10.00 0.00 -50.00 -10.00 0.00 -80.10 -17.93 -14.02 -14.02 -0.00 -0.00 -0.00
79 -50.00 5.69 15.00 -50.00 -10.00 0.00 -50.00 -10.00 0.00 -50.00 -10.00 0.00 -73.89 -17.94 -5.11 -5.11 -0.00 -0.00 -0.00
80 -50.85 5.37 15.00 -50.00 -10.00 0.00 -50.00 -10.00 0.00 -50.00 -10.00 0.00 -75.31 -17.96 -8.74 -8.74 -0.00 -0.00 -0.00
81 -52.32 5.05 15.00 -50.00 -10.00 0.00 -50.00 -10.00 0.00 -50.00 -10.00 0.00 -77.45 -17.99 -11.22 -11.22 -0.00 -0.00 -0.00
82 -54.89 4.73 15.00 -50.00 -10.00 0.00 -50.00 -10.00 0.00 -50.00 -10.00 0.00 -78.91 -18.02 -12.80 -12.80 -0.00 -0.00 -0.00
83 -59.05 4.40 15.00 -50.00 -10.00 0.00 -50.00 -10.00 0.00 -50.00 -10.00 0.00 -79.67 -18.06 -13.68 -13.68 -0.00 -0.00 -0.00
84 -64.45 4.05 15.00 -50.00 -10.00 0.00 -50.00 -10.00 0.00 -50.00 -10.00 0.00 -79.96 -18.10 -14.05 -14.05 -0.00 -0.00 -0.00
85 -69.27 3.70 15.00 -50.00 -10.00 0.00 -50.00 -10.00 0.00 -50.00 -10.00 0.00 -79.95 -18.14 -14.02 -14.02 -0.00 -0.00 -0.00
86 -71.91 3.33 15.00 -50.00 -10.00 0.00 -50.00 -10.00 0.00 -50.00 -10.00 0.00 -79.72 -18.17 -13.71 -13.71 -0.00 -0.00 -0.00
87 -72.75 2.98 15.00 -50.00 -10.00 0.00 -50.00 -10.00 0.00 -50.00 -10.00 0.00 -79.33 -18.21 -13.20 -13.20 -0.00 -0.00 -0.00
88 -72.77 2.63 15.00 -50.00 -10.00 0.00 -50.00 -10.00 0.00 -50.00 -10.00 0.00 -78.84 -18.24 -12.55 -12.55 -0.00 -0.00 -0.00
89 -72.50 2.28 15.00 -50.00 -10.00 0.00 -50.00 -10.00 0.00 -50.00 -10.00 0.00 -78.26 -18.26 -11.81 -11.81 -0.00 -0.00 -0.00
90 -72.13 1.95 15.00 -50.00 -10.00 0.00 -50.00 -10.00 0.00 -50.00 -10.00 0.00 -77.62 -18.29 -11.02 -11.02 -0.00 -0.00 -0.00
91 -71.72 1.62 15.00 -50.00 -10.00 0.00 -50.00 -10.00 0.00 -50.00 -10.00 0.00 -76.94 -18.30 -10.22 -10.22 -0.00 -0.00 -0.00
92 -71.29 1.31 15.00 -50.00 -10.00 0.00 -50.00 -10.00 0.00 -50.00 -10.00 0.00 -76.24 -18.32 -9.41 -9.41 -0.00 -0.00 -0.00
93 -70.85 1.00 15.00 -50.00 -10.00 0.00 -50.00 -10.00 0.00 -50.00 -10.00 0.00 -75.51 -18.33 -8.63 -8.63 -0.00 -0.00 -0.00
94 -70.40 0.70 15.00 -50.00 -10.00 0.00 -50.00 -10.00 0.00 -50.00 -10.00 0.00 -74.78 -18.34 -7.88 -7.88 -0.00 -0.00 -0.00
95 -69.93 0.40 15.00 -50.00 -10.00 0.00 -50.00 -10.00 0.00 -50.00 -10.00 0.00 -74.05 -18.34 -7.16 -7.16 -0.00 -0.00 -0.00
96 -69.46 0.12 15.00 -50.00 -10.00 0.00 -50.00 -10.00 0.00 -50.00 -10.00 0.00 -73.32 -18.34 -6.49 -6.49 -0.00 -0.00 -0.00
97 -68.96 -0.16 15.00 -50.00 -10.00 0.00 -50.00 -10.00 0.00 -50.00 -10.00 0.00 -72.60 -18.34 -5.86 -5.86 -0.00 -0.00 -0.00
98 -68.45 -0.43 15.00 -50.00 -10.00 0.00 -50.00 -10.00 0.00 -50.00 -10.00 0.00 -71.88 -18.33 -5.27 -5.27 -0.00 -0.00 -0.00
99 -67.92 -0.70 15.00 -50.00 -10.00 0.00 -50.00 -10.00 0.00 -50.00 -10.00 0.00 -71.18 -18.32 -4.74 -4.74 -0.00 -0.00 -0.00
100 -67.37 -0.95 15.00 -50.00 -10.00 0.00 -50.00 -10.00 0.00 -50.00 -10.00 0.00 -70.48 -18.31 -4.25 -4.25 -0.00 -0.00 -0.00
101 -79.29 -1.25 0.00 -30.12 -9.92 15.00 -50.00 -10.00 0.00 -50.00 -10.00 0.00 -69.80 -18.29 -3.80 -3.80 -0.00 -0.00 -0.00
102 -81.69 -1.55 0.00 30.00 -9.46 15.00 -50.00 -10.00 0.00 -50.00 -10.00 0.00 -69.13 -18.27 -3.39 -3.39 -0.00 -0.00 -0.00
103 -81.67 -1.85 0.00 -50.00 -7.46 15.00 -50.00 -10.00 0.00 -50.00 -10.00 0.00 -73.23 -18.27 -8.63 -3.02 -5.61 -0.00 -0.00
104 -81.49 -2.14 0.00 -33.65 -7.44 15.00 -50.00 -10.00 0.00 -50.00 -10.00 0.00 -77.47 -18.29 -12.22 -2.69 -9.53 -0.00 -0.00
105 -81.30 -2.42 0.00 30.00 -7.15 15.00 -50.00 -10.00 0.00 -50.00 -10.00 0.00 -79.88 -18.32 -14.54 -2.39 -12.15 -0.00 -0.00
106 -81.11 -2.69 0.00 -50.00 -5.15 15.00 -50.00 -10.00 0.00 -50.00 -10.00 0.00 -75.48 -18.34 -7.73 -2.12 -5.61 -0.00 -0.00
107 -80.92 -2.96 0.00 -36.80 -5.19 15.00 -50.00 -10.00 0.00 -50.00 -10.00 0.00 -77.36 -18.36 -11.41 -1.88 -9.53 -0.00 -0.00
108 -80.74 -3.23 0.00 13.78 -5.03 15.00 -50.00 -10.00 0.00 -50.00 -10.00 0.00 -79.34 -18.39 -13.81 -1.66 -12.15 -0.00 -0.00
109 -80.56 -3.49 0.00 30.00 -1.37 15.00 -50.00 -10.00 0.00 -50.00 -10.00 0.00 -80.48 -18.42 -15.23 -1.47 -13.76 -0.00 -0.00
110 -80.38 -3.74 0.00 -50.00 0.63 15.00 -50.00 -10.00 0.00 -50.00 -10.00 0.00 -74.90 -18.43 -6.91 -1.30 -5.61 -0.00 -0.00
111 -80.20 -3.98 0.00 -44.44 0.44 15.00 -50.00 -10.00 0.00 -50.00 -10.00 0.00 -76.64 -18.44 -10.68 -1.15 -9.53 -0.00 -0.00
112 -80.03 -4.22 0.00 -28.35 0.32 15.00 -50.00 -10.00 0.00 -50.00 -10.00 0.00 -78.72 -18.47 -13.16 -1.01 -12.15 -0.00 -0.00
113 -79.86 -4.46 0.00 30.00 0.54 15.00 -50.00 -10.00 0.00 -50.00 -10.00 0.00 -79.99 -18.50 -14.65 -0.89 -13.76 -0.00 -0.00
114 -79.69 -4.69 0.00 -50.00 2.54 15.00 -50.00 -10.00 0.00 -50.00 -10.00 0.00 -74.40 -18.50 -6.39 -0.78 -5.61 -0.00 -0.00
115 -79.52 -4.91 0.00 -46.90 2.30 15.00 -50.00 -10.00 0.00 -50.00 -10.00 0.00 -76.13 -18.51 -10.22 -0.69 -9.53 -0.00 -0.00
116 -79.35 -5.13 0.00 -38.60 2.10 15.00 -50.00 -10.00 0.00 -50.00 -10.00 0.00 -78.31 -18.53 -12.75 -0.60 -12.15 -0.00 -0.00
117 -79.19 -5.35 0.00 -7.87 2.03 15.00 -50.00 -10.00 0.00 -50.00 -10.00 0.00 -79.66 -18.56 -14.29 -0.53 -13.76 -0.00 -0.00
118 -79.03 -5.56 0.00 30.00 3.20 15.00 -50.00 -10.00 0.00 -50.00 -10.00 0.00 -80.30 -18.59 -15.07 -0.47 -14.61 -0.00 -0.00
119 -78.87 -5.76 0.00 -50.00 5.20 15.00 -50.00 -10.00 0.00 -50.00 -10.00 0.00 -74.10 -18.59 -6.02 -0.41 -5.61 -0.00 -0.00
120 -78.72 -5.96 0.00 -50.25 4.89 15.00 -50.00 -10.00 0.00 -50.00 -10.00 0.00 -75.74 -18.59 -9.89 -0.36 -9.53 -0.00 -0.00
121 -78.56 -6.15 0.00 -50.43 4.60 15.00 -50.00 -10.00 0.00 -50.00 -10.00 0.00 -77.97 -18.61 -12.46 -0.31 -12.15 -0.00 -0.00
122 -78.41 -6.34 0.00 -50.44 4.30 15.00 -50.00 -10.00 0.00 -50.00 -10.00 0.00 -79.40 -18.64 -14.03 -0.27 -13.76 -0.00 -0.00
123 -78.26 -6.53 0.00 -50.12 4.02 15.00 -50.00 -10.00 0.00 -50.00 -10.00 0.00 -80.08 -18.66 -14.85 -0.24 -14.61 -0.00 -0.00
124 -78.11 -6.71 0.00 -49.03 3.74 15.00 -50.00 -10.00 0.00 -50.00 -10.00 0.00 -80.29 -18.69 -15.10 -0.21 -14.89 -0.00 -0.00
125 -77.97 -6.89 0.00 -46.12 3.48 15.00 -50.00 -10.00 0.00 -50.00 -10.00 0.00 -80.19 -18.72 -14.94 -0.18 -14.76 -0.00 -0.00
126 -77.82 -7.06 0.00 -37.98 3.26 15.00 -50.00 -10.00 0.00 -50.00 -10.00 0.00 -79.87 -18.74 -14.49 -0.16 -14.33 -0.00 -0.00
127 -77.68 -7.23 0.00 -6.96 3.16 15.00 -50.00 -10.00 0.00 -50.00 -10.00 0.00 -79.39 -18.77 -13.84 -0.14 -13.70 -0.00 -0.00
128 -77.54 -7.40 0.00 30.00 4.36 15.00 -50.00 -10.00 0.00 -50.00 -10.00 0.00 -78.80 -18.79 -13.05 -0.12 -12.93 -0.00 -0.00
129 -77.40 -7.56 0.00 -50.00 6.36 15.00 -50.00 -10.00 0.00 -50.00 -10.00 0.00 -73.50 -18.78 -5.72 -0.11 -5.61 -0.00 -0.00
130 -77.27 -7.72 0.00 -51.69 6.03 15.00 -50.00 -10.00 0.00 -50.00 -10.00 0.00 -75.24 -18.78 -9.62 -0.09 -9.53 -0.00 -0.00
131 -77.13 -7.87 0.00 -54.83 5.69 15.00 -50.00 -10.00 0.00 -50.00 -10.00 0.00 -77.58 -18.79 -12.23 -0.08 -12.15 -0.00 -0.00
132 -77.00 -8.02 0.00 -60.01 5.33 15.00 -50.00 -10.00 0.00 -50.00 -10.00 0.00 -79.09 -18.81 -13.83 -0.07 -13.76 -0.00 -0.00
133 -76.87 -8.17 0.00 -66.46 4.96 15.00 -50.00 -10.00 0.00 -50.00 -10.00 0.00 -79.82 -18.83 -14.67 -0.06 -14.61 -0.00 -0.00
134 -76.74 -8.31 0.00 -71.44 4.58 15.00 -50.00 -10.00 0.00 -50.00 -10.00 0.00 -80.06 -18.86 -14.95 -0.05 -14.89 -0.00 -0.00
135 -76.62 -8.45 0.00 -73.57 4.19 15.00 -50.00 -10.00 0.00 -50.00 -10.00 0.00 -79.97 -18.88 -14.81 -0.05 -14.76 -0.00 -0.00
136 -76.49 -8.59 0.00 -73.99 3.81 15.00 -50.00 -10.00 0.00 -50.00 -10.00 0.00 -79.67 -18.90 -14.37 -0.04 -14.33 -0.00 -0.00
137 -76.37 -8.72 0.00 -73.82 3.44 15.00 -50.00 -10.00 0.00 -50.00 -10.00 0.00 -79.20 -18.92 -13.73 -0.04 -13.70 -0.00 -0.00
138 -76.25 -8.85 0.00 -73.48 3.08 15.00 -50.00 -10.00 0.00 -50.00 -10.00 0.00 -78.62 -18.93 -12.96 -0.03 -12.93 -0.00 -0.00
139 -76.13 -8.98 0.00 -73.09 2.72 15.00 -50.00 -10.00 0.00 -50.00 -10.00 0.00 -77.96 -18.94 -12.11 -0.03 -12.08 -0.00 -0.00
140 -76.01 -9.11 0.00 -72.68 2.38 15.00 -50.00 -10.00 0.00 -50.00 -10.00 0.00 -77.24 -18.95 -11.22 -0.02 -11.20 -0.00 -0.00
141 -75.89 -9.23 0.00 -72.27 2.04 15.00 -50.00 -10.00 0.00 -50.00 -10.00 0.00 -76.48 -18.95 -10.32 -0.02 -10.30 -0.00 -0.00
142 -75.78 -9.35 0.00 -71.84 1.71 15.00 -50.00 -10.00 0.00 -50.00 -10.00 0.00 -75.70 -18.95 -9.44 -0.02 -9.43 -0.00 -0.00
143 -75.67 -9.46 0.00 -71.41 1.39 15.00 -50.00 -10.00 0.00 -50.00 -10.00 0.00 -74.90 -18.95 -8.59 -0.02 -8.58 -0.00 -0.00
144 -75.56 -9.58 0.00 -70.97 1.08 15.00 -50.00 -10.00 0.00 -50.00 -10.00 0.00 -74.10 -18.94 -7.79 -0.01 -7.77 -0.00 -0.00
145 -75.45 -9.69 0.00 -70.52 0.78 15.00 -50.00 -10.00 0.00 -50.00 -10.00 0.00 -73.29 -18.93 -7.03 -0.01 -7.02 -0.00 -0.00
146 -75.34 -9.79 0.00 -70.06 0.48 15.00 -50.00 -10.00 0.00 -50.00 -10.00 0.00 -72.49 -18.91 -6.32 -0.01 -6.31 -0.00 -0.00
147 -75.24 -9.90 0.00 -69.59 0.19 15.00 -50.00 -10.00 0.00 -50.00 -10.00 0.00 -71.70 -18.89 -5.67 -0.01 -5.66 -0.00 -0.00
148 -75.13 -10.00 0.00 -69.10 -0.09 15.00 -50.00 -10.00 0.00 -50.00 -10.00 0.00 -70.91 -18.87 -5.07 -0.01 -5.06 -0.00 -0.00
149 -75.03 -10.10 0.00 -68.60 -0.36 15.00 -50.00 -10.00 0.00 -50.00 -10.00 0.00 -70.14 -18.84 -4.52 -0.01 -4.51 -0.00 -0.00
150 -74.93 -10.20 0.00 -68.07 -0.62 15.00 -50.00 -10.00 0.00 -50.00 -10.00 0.00 -69.37 -18.81 -4.02 -0.01 -4.02 -0.00 -0.00
151 -74.83 -10.29 0.00 -67.52 -0.88 15.00 -50.00 -10.00 0.00 -50.00 -10.00 0.00 -68.61 -18.78 -3.57 -0.00 -3.57 -0.00 -0.00
152 -74.74 -10.39 0.00 -66.94 -1.13 15.00 -50.00 -10.00 0.00 -50.00 -10.00 0.00 -67.85 -18.74 -3.17 -0.00 -3.16 -0.00 -0.00
153 -74.64 -10.48 0.00 -66.33 -1.38 15.00 -50.00 -10.00 0.00 -50.00 -10.00 0.00 -67.10 -18.70 -2.80 -0.00 -2.80 -0.00 -0.00
154 -74.55 -10.57 0.00 -65.67 -1.61 15.00 -50.00 -10.00 0.00 -50.00 -10.00 0.00 -66.35 -18.66 -2.48 -0.00 -2.47 -0.00 -0.00
155 -74.45 -10.65 0.00 -64.95 -1.84 15.00 -50.00 -10.00 0.00 -50.00 -10.00 0.00 -65.59 -18.62 -2.18 -0.00 -2.18 -0.00 -0.00
156 -74.36 -10.74 0.00 -64.16 -2.06 15.00 -50.00 -10.00 0.00 -50.00 -10.00 0.00 -64.81 -18.57 -1.92 -0.00 -1.92 -0.00 -0.00
157 -74.27 -10.82 0.00 -63.27 -2.27 15.00 -50.00 -10.00 0.00 -50.00 -10.00 0.00 -64.01 -18.52 -1.69 -0.00 -1.69 -0.00 -0.00
158 -74.19 -10.90 0.00 -62.24 -2.47 15.00 -50.00 -10.00 0.00 -50.00 -10.00 0.00 -63.16 -18.46 -1.49 -0.00 -1.49 -0.00 -0.00
159 -74.10 -10.98 0.00 -61.00 -2.67 15.00 -50.00 -10.00 0.00 -50.00 -10.00 0.00 -62.25 -18.40 -1.31 -0.00 -1.30 -0.00 -0.00
160 -74.01 -11.06 0.00 -59.43 -2.85 15.00 -50.00 -10.00 0.00 -50.00 -10.00 0.00 -61.23 -18.34 -1.15 -0.00 -1.14 -0.00 -0.00
161 -73.93 -11.13 0.00 -57.31 -3.02 15.00 -50.00 -10.00 0.00 -50.00 -10.00 0.00 -60.04 -18.28 -1.00 -0.00 -1.00 -0.00 -0.00
162 -73.85 -11.20 0.00 -54.13 -3.18 15.00 -50.00 -10.00 0.00 -50.00 -10.00 0.00 -58.57 -18.20 -0.88 -0.00 -0.88 -0.00 -0.00
163 -73.77 -11.27 0.00 -48.48 -3.31 15.00 -50.00 -10.00 0.00 -50.00 -10.00 0.00 -56.61 -18.12 -0.77 -0.00 -0.77 -0.00 -0.00
164 -73.69 -11.34 0.00 -35.29 -3.39 15.00 -50.00 -10.00 0.00 -50.00 -10.00 0.00 -53.68 -18.03 -0.67 -0.00 -0.67 -0.00 -0.00
165 -73.61 -11.41 0.00 18.76 -3.24 15.00 -50.00 -10.00 0.00 -50.00 -10.00 0.00 -48.53 -17.91 -0.59 -0.00 -0.59 -0.00 -0.00
166 -73.53 -11.48 0.00 30.00 1.11 15.00 -50.00 -10.00 0.00 -50.00 -10.00 0.00 -36.67 -17.74 -0.51 -0.00 -0.51 -0.00 -0.00
167 -73.46 -11.54 0.00 -50.00 3.11 15.00 -50.00 -10.00 0.00 -50.00 -10.00 0.00 0.09 -17.38 -5.61 -0.00 -5.61 -0.00 -0.00
168 -73.38 -11.60 0.00 -47.62 2.86 15.00 -50.00 -10.00 0.00 -50.00 -10.00 0.00 30.00 -14.81 -9.53 -0.00 -9.53 -0.00 -0.00
169 -73.31 -11.66 0.00 -41.33 2.63 15.00 -50.00 -10.00 0.00 -50.00 -10.00 0.00 -65.00 -8.81 -9.53 -0.00 -9.53 -0.00 -0.00
170 -73.24 -11.72 0.00 -20.37 2.50 15.00 -50.00 -10.00 0.00 -50.00 -10.00 0.00 -82.70 -9.05 -13.76 -0.00 -13.76 -0.00 -0.00
171 -73.17 -11.78 0.00 30.00 2.95 15.00 -50.00 -10.00 0.00 -50.00 -10.00 0.00 -85.82 -9.30 -14.61 -0.00 -14.61 -0.00 -0.00
172 -73.10 -11.84 0.00 -50.00 4.95 15.00 -50.00 -10.00 0.00 -50.00 -10.00 0.00 -80.49 -9.51 -5.61 -0.00 -5.61 -0.00 -0.00
173 -73.03 -11.89 0.00 -49.94 4.65 15.00 -50.00 -10.00 0.00 -50.00 -10.00 0.00 -82.56 -9.74 -9.53 -0.00 -9.53 -0.00 -0.00
174 -72.97 -11.95 0.00 -49.44 4.36 15.00 -50.00 -10.00 0.00 -50.00 -10.00 0.00 -84.06 -9.96 -12.15 -0.00 -12.15 -0.00 -0.00
175 -72.90 -12.00 0.00 -47.90 4.08 15.00 -50.00 -10.00 0.00 -50.00 -10.00 0.00 -84.87 -10.19 -13.76 -0.00 -13.76 -0.00 -0.00
176 -72.84 -12.05 0.00 -43.72 3.83 15.00 -50.00 -10.00 0.00 -50.00 -10.00 0.00 -85.23 -10.41 -14.61 -0.00 -14.61 -0.00 -0.00
177 -72.78 -12.10 0.00 -30.89 3.63 15.00 -50.00 -10.00 0.00 -50.00 -10.00 0.00 -85.27 -10.63 -14.89 -0.00 -14.89 -0.00 -0.00
178 -72.72 -12.15 0.00 30.00 3.69 15.00 -50.00 -10.00 0.00 -50.00 -10.00 0.00 -85.07 -10.84 -14.76 -0.00 -14.76 -0.00 -0.00
179 -72.66 -12.20 0.00 -50.00 5.69 15.00 -50.00 -10.00 0.00 -50.00 -10.00 0.00 -79.50 -11.02 -5.61 -0.00 -5.61 -0.00 -0.00
180 -72.60 -12.25 0.00 -50.85 5.37 15.00 -50.00 -10.00 0.00 -50.00 -10.00 0.00 -81.56 -11.21 -9.53 -0.00 -9.53 -0.00 -0.00
181 -72.54 -12.29 0.00 -52.32 5.05 15.00 -50.00 -10.00 0.00 -50.00 -10.00 0.00 -83.17 -11.40 -12.15 -0.00 -12.15 -0.00 -0.00
182 -72.48 -12.33 0.00 -54.89 4.73 15.00 -50.00 -10.00 0.00 -50.00 -10.00 0.00 -84.05 -11.59 -13.76 -0.00 -13.76 -0.00 -0.00
183 -72.43 -12.38 0.00 -59.05 4.40 15.00 -50.00 -10.00 0.00 -50.00 -10.00 0.00 -84.44 -11.78 -14.61 -0.00 -14.61 -0.00 -0.00
184 -72.37 -12.42 0.00 -64.45 4.05 15.00 -50.00 -10.00 0.00 -50.00 -10.00 0.00 -84.50 -11.97 -14.89 -0.00 -14.89 -0.00 -0.00
185 -72.32 -12.46 0.00 -69.27 3.70 15.00 -50.00 -10.00 0.00 -50.00 -10.00 0.00 -84.32 -12.15 -14.76 -0.00 -14.76 -0.00 -0.00
186 -72.26 -12.50 0.00 -71.91 3.33 15.00 -50.00 -10.00 0.00 -50.00 -10.00 0.00 -83.97 -12.33 -14.33 -0.00 -14.33 -0.00 -0.00
187 -72.21 -12.54 0.00 -72.75 2.98 15.00 -50.00 -10.00 0.00 -50.00 -10.00 0.00 -83.50 -12.50 -13.70 -0.00 -13.70 -0.00 -0.00
188 -72.16 -12.58 0.00 -72.77 2.63 15.00 -50.00 -10.00 0.00 -50.00 -10.00 0.00 -82.94 -12.66 -12.93 -0.00 -12.93 -0.00 -0.00
189 -72.11 -12.61 0.00 -72.50 2.28 15.00 -50.00 -10.00 0.00 -50.00 -10.00 0.00 -82.32 -12.82 -12.08 -0.00 -12.08 -0.00 -0.00
190 -72.06 -12.65 0.00 -72.13 1.95 15.00 -50.00 -10.00 0.00 -50.00 -10.00 0.00 -81.66 -12.97 -11.20 -0.00 -11.20 -0.00 -0.00
191 -72.02 -12.69 0.00 -71.72 1.62 15.00 -50.00 -10.00 0.00 -50.00 -10.00 0.00 -80.97 -13.12 -10.30 -0.00 -10.30 -0.00 -0.00
192 -71.97 -12.72 0.00 -71.29 1.31 15.00 -50.00 -10.00 0.00 -50.00 -10.00 0.00 -80.28 -13.26 -9.43 -0.00 -9.43 -0.00 -0.00
193 -71.92 -12.75 0.00 -70.85 1.00 15.00 -50.00 -10.00 0.00 -50.00 -10.00 0.00 -79.58 -13.39 -8.58 -0.00 -8.58 -0.00 -0.00
194 -71.88 -12.79 0.00 -70.40 0.70 15.00 -50.00 -10.00 0.00 -50.00 -10.00 0.00 -78.89 -13.52 -7.77 -0.00 -7.77 -0.00 -0.00
195 -71.84 -12.82 0.00 -69.93 0.40 15.00 -50.00 -10.00 0.00 -50.00 -10.00 0.00 -78.22 -13.64 -7.02 -0.00 -7.02 -0.00 -0.00
196 -71.79 -12.85 0.00 -69.46 0.12 15.00 -50.00 -10.00 0.00 -50.00 -10.00 0.00 -77.56 -13.75 -6.31 -0.00 -6.31 -0.00 -0.00
197 -71.75 -12.88 0.00 -68.96 -0.16 15.00 -50.00 -10.00 0.00 -50.00 -10.00 0.00 -76.91 -13.86 -5.66 -0.00 -5.66 -0.00 -0.00
198 -71.71 -12.91 0.00 -68.45 -0.43 15.00 -50.00 -10.00 0.00 -50.00 -10.00 0.00 -76.30 -13.97 -5.06 -0.00 -5.06 -0.00 -0.00
199 -71.67 -12.94 0.00 -67.92 -0.70 15.00 -50.00 -10.00 0.00 -50.00 -10.00 0.00 -75.70 -14.07 -4.51 -0.00 -4.51 -0.00 -0.00
200 -71.63 -12.96 0.00 -67.37 -0.95 15.00 -50.00 -10.00 0.00 -50.00 -10.00 0.00 -75.13 -14.16 -4.02 -0.00 -4.02 -0.00 -0.00
201 -58.20 -12.94 15.00 -79.29 -1.25 0.00 -50.00 -10.00 0.00 -50.00 -10.00 0.00 -74.59 -14.25 -3.57 -0.00 -3.57 -0.00 -0.00
202 -43.93 -12.85 15.00 -81.69 -1.55 0.00 -50.00 -10.00 0.00 -50.00 -10.00 0.00 -74.07 -14.34 -3.16 -0.00 -3.16 -0.00 -0.00
203 -5.87 -12.62 15.00 -81.67 -1.85 0.00 -50.00 -10.00 0.00 -50.00 -10.00 0.00 -73.57 -14.42 -2.80 -0.00 -2.80 -0.00 -0.00
204 30.00 -10.81 15.00 -81.49 -2.14 0.00 -50.00 -10.00 0.00 -50.00 -10.00 0.00 -73.11 -14.49 -2.47 -0.00 -2.47 -0.00 -0.00
205 -50.00 -8.81 15.00 -81.30 -2.42 0.00 -50.00 -10.00 0.00 -50.00 -10.00 0.00 -76.58 -14.59 -7.29 -5.11 -2.18 -0.00 -0.00
206 -31.78 -8.76 15.00 -81.11 -2.69 0.00 -50.00 -10.00 0.00 -50.00 -10.00 0.00 -79.64 -14.69 -10.66 -8.74 -1.92 -0.00 -0.00
207 30.00 -8.38 15.00 -80.92 -2.96 0.00 -50.00 -10.00 0.00 -50.00 -10.00 0.00 -81.39 -14.81 -12.91 -11.22 -1.69 -0.00 -0.00
208 -50.00 -6.38 15.00 -80.74 -3.23 0.00 -50.00 -10.00 0.00 -50.00 -10.00 0.00 -77.31 -14.90 -6.59 -5.11 -1.49 -0.00 -0.00
209 -35.13 -6.39 15.00 -80.56 -3.49 0.00 -50.00 -10.00 0.00 -50.00 -10.00 0.00 -79.12 -15.00 -10.04 -8.74 -1.30 -0.00 -0.00
210 25.37 -6.16 15.00 -80.38 -3.74 0.00 -50.00 -10.00 0.00 -50.00 -10.00 0.00 -80.80 -15.10 -12.36 -11.22 -1.14 -0.00 -0.00
211 30.00 -0.51 15.00 -80.20 -3.98 0.00 -50.00 -10.00 0.00 -50.00 -10.00 0.00 -81.77 -15.21 -13.80 -12.80 -1.00 -0.00 -0.00
212 -50.00 1.49 15.00 -80.03 -4.22 0.00 -50.00 -10.00 0.00 -50.00 -10.00 0.00 -76.66 -15.29 -5.98 -5.11 -0.88 -0.00 -0.00
213 -45.55 1.28 15.00 -79.86 -4.46 0.00 -50.00 -10.00 0.00 -50.00 -10.00 0.00 -78.39 -15.37 -9.51 -8.74 -0.77 -0.00 -0.00
214 -33.15 1.12 15.00 -79.69 -4.69 0.00 -50.00 -10.00 0.00 -50.00 -10.00 0.00 -80.17 -15.47 -11.89 -11.22 -0.67 -0.00 -0.00
215 22.89 1.19 15.00 -79.52 -4.91 0.00 -50.00 -10.00 0.00 -50.00 -10.00 0.00 -81.24 -15.56 -13.38 -12.80 -0.59 -0.00 -0.00
216 30.00 6.06 15.00 -79.35 -5.13 0.00 -50.00 -10.00 0.00 -50.00 -10.00 0.00 -81.76 -15.66 -14.20 -13.68 -0.51 -0.00 -0.00
217 -50.00 8.06 15.00 -79.19 -5.35 0.00 -50.00 -10.00 0.00 -50.00 -10.00 0.00 -76.04 -15.73 -5.55 -5.11 -0.45 -0.00 -0.00
218 -53.78 7.69 15.00 -79.03 -5.56 0.00 -50.00 -10.00 0.00 -50.00 -10.00 0.00 -77.70 -15.80 -9.13 -8.74 -0.39 -0.00 -0.00
219 -60.54 7.29 15.00 -78.87 -5.76 0.00 -50.00 -10.00 0.00 -50.00 -10.00 0.00 -79.58 -15.88 -11.55 -11.22 -0.34 -0.00 -0.00
220 -68.90 6.87 15.00 -78.72 -5.96 0.00 -50.00 -10.00 0.00 -50.00 -10.00 0.00 -80.74 -15.97 -13.09 -12.80 -0.29 -0.00 -0.00
221 -74.34 6.44 15.00 -78.56 -6.15 0.00 -50.00 -10.00 0.00 -50.00 -10.00 0.00 -81.32 -16.06 -13.94 -13.68 -0.26 -0.00 -0.00
222 -75.91 6.00 15.00 -78.41 -6.34 0.00 -50.00 -10.00 0.00 -50.00 -10.00 0.00 -81.51 -16.14 -14.27 -14.05 -0.22 -0.00 -0.00
223 -75.95 5.58 15.00 -78.26 -6.53 0.00 -50.00 -10.00 0.00 -50.00 -10.00 0.00 -81.43 -16.23 -14.22 -14.02 -0.19 -0.00 -0.00
224 -75.65 5.17 15.00 -78.11 -6.71 0.00 -50.00 -10.00 0.00 -50.00 -10.00 0.00 -81.16 -16.31 -13.88 -13.71 -0.17 -0.00 -0.00
225 -75.28 4.76 15.00 -77.97 -6.89 0.00 -50.00 -10.00 0.00 -50.00 -10.00 0.00 -80.76 -16.39 -13.34 -13.20 -0.15 -0.00 -0.00
226 -74.89 4.37 15.00 -77.82 -7.06 0.00 -50.00 -10.00 0.00 -50.00 -10.00 0.00 -80.25 -16.46 -12.67 -12.55 -0.13 -0.00 -0.00
227 -74.49 3.98 15.00 -77.68 -7.23 0.00 -50.00 -10.00 0.00 -50.00 -10.00 0.00 -79.67 -16.53 -11.92 -11.81 -0.11 -0.00 -0.00
228 -74.09 3.60 15.00 -77.54 -7.40 0.00 -50.00 -10.00 0.00 -50.00 -10.00 0.00 -79.04 -16.59 -11.12 -11.02 -0.09 -0.00 -0.00
229 -73.69 3.24 15.00 -77.40 -7.56 0.00 -50.00 -10.00 0.00 -50.00 -10.00 0.00 -78.37 -16.65 -10.30 -10.22 -0.08 -0.00 -0.00
230 -73.28 2.88 15.00 -77.27 -7.72 0.00 -50.00 -10.00 0.00 -50.00 -10.00 0.00 -77.69 -16.71 -9.48 -9.41 -0.07 -0.00 -0.00
231 -72.87 2.53 15.00 -77.13 -7.87 0.00 -50.00 -10.00 0.00 -50.00 -10.00 0.00 -76.99 -16.76 -8.69 -8.63 -0.06 -0.00 -0.00
232 -72.46 2.19 15.00 -77.00 -8.02 0.00 -50.00 -10.00 0.00 -50.00 -10.00 0.00 -76.29 -16.81 -7.93 -7.88 -0.05 -0.00 -0.00
233 -72.04 1.86 15.00 -76.87 -8.17 0.00 -50.00 -10.00 0.00 -50.00 -10.00 0.00 -75.59 -16.85 -7.21 -7.16 -0.05 -0.00 -0.00
234 -71.61 1.53 15.00 -76.74 -8.31 0.00 -50.00 -10.00 0.00 -50.00 -10.00 0.00 -74.90 -16.88 -6.53 -6.49 -0.04 -0.00 -0.00
235 -71.17 1.22 15.00 -76.62 -8.45 0.00 -50.00 -10.00 0.00 -50.00 -10.00 0.00 -74.22 -16.92 -5.89 -5.86 -0.03 -0.00 -0.00
236 -70.72 0.91 15.00 -76.49 -8.59 0.00 -50.00 -10.00 0.00 -50.00 -10.00 0.00 -73.56 -16.95 -5.30 -5.27 -0.03 -0.00 -0.00
237 -70.27 0.61 15.00 -76.37 -8.72 0.00 -50.00 -10.00 0.00 -50.00 -10.00 0.00 -72.91 -16.97 -4.76 -4.74 -0.03 -0.00 -0.00
238 -69.80 0.32 15.00 -76.25 -8.85 0.00 -50.00 -10.00 0.00 -50.00 -10.00 0.00 -72.28 -17.00 -4.27 -4.25 -0.02 -0.00 -0.00
239 -69.32 0.04 15.00 -76.13 -8.98 0.00 -50.00 -10.00 0.00 -50.00 -10.00 0.00 -71.67 -17.01 -3.82 -3.80 -0.02 -0.00 -0.00
240 -68.82 -0.24 15.00 -76.01 -9.11 0.00 -50.00 -10.00 0.00 -50.00 -10.00 0.00 -71.08 -17.03 -3.41 -3.39 -0.02 -0.00 -0.00
241 -68.31 -0.51 15.00 -75.89 -9.23 0.00 -50.00 -10.00 0.00 -50.00 -10.00 0.00 -70.51 -17.04 -3.04 -3.02 -0.01 -0.00 -0.00
242 -67.77 -0.77 15.00 -75.78 -9.35 0.00 -50.00 -10.00 0.00 -50.00 -10.00 0.00 -69.96 -17.05 -2.70 -2.69 -0.01 -0.00 -0.00
243 -67.21 -1.02 15.00 -75.67 -9.46 0.00 -50.00 -10.00 0.00 -50.00 -10.00 0.00 -69.43 -17.06 -2.40 -2.39 -0.01 -0.00 -0.00
244 -66.61 -1.27 15.00 -75.56 -9.58 0.00 -50.00 -10.00 0.00 -50.00 -10.00 0.00 -68.91 -17.06 -2.13 -2.12 -0.01 -0.00 -0.00
245 -65.97 -1.51 15.00 -75.45 -9.69 0.00 -50.00 -10.00 0.00 -50.00 -10.00 0.00 -68.42 -17.06 -1.89 -1.88 -0.01 -0.00 -0.00
246 -65.28 -1.74 15.00 -75.34 -9.79 0.00 -50.00 -10.00 0.00 -50.00 -10.00 0.00 -67.94 -17.06 -1.67 -1.66 -0.01 -0.00 -0.00
247 -64.53 -1.96 15.00 -75.24 -9.90 0.00 -50.00 -10.00 0.00 -50.00 -10.00 0.00 -67.48 -17.05 -1.48 -1.47 -0.01 -0.00 -0.00
248 -63.68 -2.18 15.00 -75.13 -10.00 0.00 -50.00 -10.00 0.00 -50.00 -10.00 0.00 -67.03 -17.05 -1.30 -1.30 -0.01 -0.00 -0.00
249 -62.72 -2.38 15.00 -75.03 -10.10 0.00 -50.00 -10.00 0.00 -50.00 -10.00 0.00 -66.60 -17.04 -1.15 -1.15 -0.00 -0.00 -0.00
250 -61.58 -2.58 15.00 -74.93 -10.20 0.00 -50.00 -10.00 0.00 -50.00 -10.00 0.00 -66.19 -17.03 -1.01 -1.01 -0.00 -0.00 -0.00
251 -60.18 -2.77 15.00 -74.83 -10.29 0.00 -50.00 -10.00 0.00 -50.00 -10.00 0.00 -65.79 -17.02 -0.89 -0.89 -0.00 -0.00 -0.00
252 -58.35 -2.95 15.00 -74.74 -10.39 0.00 -50.00 -10.00 0.00 -50.00 -10.00 0.00 -65.40 -17.01 -0.79 -0.78 -0.00 -0.00 -0.00
253 -55.74 -3.11 15.00 -74.64 -10.48 0.00 -50.00 -10.00 0.00 -50.00 -10.00 0.00 -65.02 -16.99 -0.69 -0.69 -0.00 -0.00 -0.00
254 -51.48 -3.26 15.00 -74.55 -10.57 0.00 -50.00 -10.00 0.00 -50.00 -10.00 0.00 -64.65 -16.97 -0.61 -0.60 -0.00 -0.00 -0.00
255 -42.88 -3.36 15.00 -74.45 -10.65 0.00 -50.00 -10.00 0.00 -50.00 -10.00 0.00 -64.29 -16.96 -0.53 -0.53 -0.00 -0.00 -0.00
256 -16.95 -3.36 15.00 -74.36 -10.74 0.00 -50.00 -10.00 0.00 -50.00 -10.00 0.00 -63.93 -16.94 -0.47 -0.47 -0.00 -0.00 -0.00
257 30.00 -2.57 15.00 -74.27 -10.82 0.00 -50.00 -10.00 0.00 -50.00 -10.00 0.00 -63.59 -16.92 -0.41 -0.41 -0.00 -0.00 -0.00
258 -50.00 -0.57 15.00 -74.19 -10.90 0.00 -50.00 -10.00 0.00 -50.00 -10.00 0.00 -67.79 -16.92 -5.11 -5.11 -0.00 -0.00 -0.00
259 -42.88 -0.73 15.00 -74.10 -10.98 0.00 -50.00 -10.00 0.00 -50.00 -10.00 0.00 -73.77 -16.95 -8.74 -8.74 -0.00 -0.00 -0.00
260 -21.08 -0.80 15.00 -74.01 -11.06 0.00 -50.00 -10.00 0.00 -50.00 -10.00 0.00 -77.83 -17.00 -11.22 -11.22 -0.00 -0.00 -0.00
261 30.00 -0.27 15.00 -73.93 -11.13 0.00 -50.00 -10.00 0.00 -50.00 -10.00 0.00 -79.63 -17.06 -12.80 -12.80 -0.00 -0.00 -0.00
262 -50.00 1.73 15.00 -73.85 -11.20 0.00 -50.00 -10.00 0.00 -50.00 -10.00 0.00 -74.47 -17.09 -5.11 -5.11 -0.00 -0.00 -0.00
263 -45.85 1.51 15.00 -73.77 -11.27 0.00 -50.00 -10.00 0.00 -50.00 -10.00 0.00 -76.10 -17.13 -8.74 -8.74 -0.00 -0.00 -0.00
264 -34.41 1.34 15.00 -73.69 -11.34 0.00 -50.00 -10.00 0.00 -50.00 -10.00 0.00 -78.20 -17.17 -11.22 -11.22 -0.00 -0.00 -0.00
265 15.06 1.37 15.00 -73.61 -11.41 0.00 -50.00 -10.00 0.00 -50.00 -10.00 0.00 -79.56 -17.23 -12.80 -12.80 -0.00 -0.00 -0.00
266 30.00 4.97 15.00 -73.53 -11.48 0.00 -50.00 -10.00 0.00 -50.00 -10.00 0.00 -80.26 -17.29 -13.69 -13.68 -0.00 -0.00 -0.00
267 -50.00 6.97 15.00 -73.46 -11.54 0.00 -50.00 -10.00 0.00 -50.00 -10.00 0.00 -74.39 -17.31 -5.11 -5.11 -0.00 -0.00 -0.00
268 -52.44 6.62 15.00 -73.38 -11.60 0.00 -50.00 -10.00 0.00 -50.00 -10.00 0.00 -75.91 -17.34 -8.74 -8.74 -0.00 -0.00 -0.00
269 -56.96 6.26 15.00 -73.31 -11.66 0.00 -50.00 -10.00 0.00 -50.00 -10.00 0.00 -78.01 -17.39 -11.22 -11.22 -0.00 -0.00 -0.00
270 -63.74 5.88 15.00 -73.24 -11.72 0.00 -50.00 -10.00 0.00 -50.00 -10.00 0.00 -79.39 -17.44 -12.80 -12.80 -0.00 -0.00 -0.00
271 -70.38 5.48 15.00 -73.17 -11.78 0.00 -50.00 -10.00 0.00 -50.00 -10.00 0.00 -80.10 -17.49 -13.68 -13.68 -0.00 -0.00 -0.00
272 -73.87 5.07 15.00 -73.10 -11.84 0.00 -50.00 -10.00 0.00 -50.00 -10.00 0.00 -80.37 -17.54 -14.05 -14.05 -0.00 -0.00 -0.00
273 -74.75 4.67 15.00 -73.03 -11.89 0.00 -50.00 -10.00 0.00 -50.00 -10.00 0.00 -80.34 -17.59 -14.02 -14.02 -0.00 -0.00 -0.00
274 -74.69 4.28 15.00 -72.97 -11.95 0.00 -50.00 -10.00 0.00 -50.00 -10.00 0.00 -80.11 -17.64 -13.71 -13.71 -0.00 -0.00 -0.00
275 -74.38 3.90 15.00 -72.90 -12.00 0.00 -50.00 -10.00 0.00 -50.00 -10.00 0.00 -79.72 -17.69 -13.20 -13.20 -0.00 -0.00 -0.00
276 -74.00 3.52 15.00 -72.84 -12.05 0.00 -50.00 -10.00 0.00 -50.00 -10.00 0.00 -79.23 -17.73 -12.55 -12.55 -0.00 -0.00 -0.00
277 -73.60 3.16 15.00 -72.78 -12.10 0.00 -50.00 -10.00 0.00 -50.00 -10.00 0.00 -78.65 -17.77 -11.81 -11.81 -0.00 -0.00 -0.00
278 -73.20 2.80 15.00 -72.72 -12.15 0.00 -50.00 -10.00 0.00 -50.00 -10.00 0.00 -78.02 -17.80 -11.02 -11.02 -0.00 -0.00 -0.00
279 -72.78 2.46 15.00 -72.66 -12.20 0.00 -50.00 -10.00 0.00 -50.00 -10.00 0.00 -77.35 -17.83 -10.22 -10.22 -0.00 -0.00 -0.00
280 -72.37 2.12 15.00 -72.60 -12.25 0.00 -50.00 -10.00 0.00 -50.00 -10.00 0.00 -76.65 -17.86 -9.41 -9.41 -0.00 -0.00 -0.00
281 -71.94 1.79 15.00 -72.54 -12.29 0.00 -50.00 -10.00 0.00 -50.00 -10.00 0.00 -75.94 -17.88 -8.63 -8.63 -0.00 -0.00 -0.00
282 -71.51 1.47 15.00 -72.48 -12.33 0.00 -50.00 -10.00 0.00 -50.00 -10.00 0.00 -75.22 -17.90 -7.88 -7.88 -0.00 -0.00 -0.00
283 -71.07 1.15 15.00 -72.43 -12.38 0.00 -50.00 -10.00 0.00 -50.00 -10.00 0.00 -74.50 -17.91 -7.16 -7.16 -0.00 -0.00 -0.00
284 -70.63 0.85 15.00 -72.37 -12.42 0.00 -50.00 -10.00 0.00 -50.00 -10.00 0.00 -73.78 -17.93 -6.49 -6.49 -0.00 -0.00 -0.00
285 -70.17 0.55 15.00 -72.32 -12.46 0.00 -50.00 -10.00 0.00 -50.00 -10.00 0.00 -73.07 -17.93 -5.86 -5.86 -0.00 -0.00 -0.00
286 -69.70 0.26 15.00 -72.26 -12.50 0.00 -50.00 -10.00 0.00 -50.00 -10.00 0.00 -72.38 -17.94 -5.27 -5.27 -0.00 -0.00 -0.00
287 -69.21 -0.02 15.00 -72.21 -12.54 0.00 -50.00 -10.00 0.00 -50.00 -10.00 0.00 -71.69 -17.94 -4.74 -4.74 -0.00 -0.00 -0.00
288 -68.71 -0.30 15.00 -72.16 -12.58 0.00 -50.00 -10.00 0.00 -50.00 -10.00 0.00 -71.02 -17.93 -4.25 -4.25 -0.00 -0.00 -0.00
289 -68.19 -0.56 15.00 -72.11 -12.61 0.00 -50.00 -10.00 0.00 -50.00 -10.00 0.00 -70.37 -17.92 -3.80 -3.80 -0.00 -0.00 -0.00
290 -67.65 -0.82 15.00 -72.06 -12.65 0.00 -50.00 -10.00 0.00 -50.00 -10.00 0.00 -69.72 -17.91 -3.39 -3.39 -0.00 -0.00 -0.00
291 -67.08 -1.08 15.00 -72.02 -12.69 0.00 -50.00 -10.00 0.00 -50.00 -10.00 0.00 -69.10 -17.90 -3.02 -3.02 -0.00 -0.00 -0.00
292 -66.47 -1.32 15.00 -71.97 -12.72 0.00 -50.00 -10.00 0.00 -50.00 -10.00 0.00 -68.48 -17.89 -2.69 -2.69 -0.00 -0.00 -0.00
293 -65.83 -1.56 15.00 -71.92 -12.75 0.00 -50.00 -10.00 0.00 -50.00 -10.00 0.00 -67.88 -17.87 -2.39 -2.39 -0.00 -0.00 -0.00
294 -65.12 -1.79 15.00 -71.88 -12.79 0.00 -50.00 -10.00 0.00 -50.00 -10.00 0.00 -67.30 -17.85 -2.12 -2.12 -0.00 -0.00 -0.00
295 -64.35 -2.01 15.00 -71.84 -12.82 0.00 -50.00 -10.00 0.00 -50.00 -10.00 0.00 -66.72 -17.82 -1.88 -1.88 -0.00 -0.00 -0.00
296 -63.49 -2.22 15.00 -71.79 -12.85 0.00 -50.00 -10.00 0.00 -50.00 -10.00 0.00 -66.14 -17.80 -1.66 -1.66 -0.00 -0.00 -0.00
297 -62.49 -2.43 15.00 -71.75 -12.88 0.00 -50.00 -10.00 0.00 -50.00 -10.00 0.00 -65.58 -17.77 -1.47 -1.47 -0.00 -0.00 -0.00
298 -61.31 -2.62 15.00 -71.71 -12.91 0.00 -50.00 -10.00 0.00 -50.00 -10.00 0.00 -65.01 -17.74 -1.30 -1.30 -0.00 -0.00 -0.00
299 -59.83 -2.81 15.00 -71.67 -12.94 0.00 -50.00 -10.00 0.00 -50.00 -10.00 0.00 -64.44 -17.71 -1.15 -1.15 -0.00 -0.00 -0.00
300 -57.87 -2.99 15.00 -71.63 -12.96 0.00 -50.00 -10.00 0.00 -50.00 -10.00 0.00 -63.87 -17.67 -1.01 -1.01 -0.00 -0.00 -0.00
301 -70.66 -3.21 0.00 -71.59 -12.99 0.00 -30.12 -9.92 15.00 -50.00 -10.00 0.00 -63.27 -17.64 -0.89 -0.89 -0.00 -0.00 -0.00
302 -78.81 -3.46 0.00 -71.55 -13.02 0.00 30.00 -9.46 15.00 -50.00 -10.00 0.00 -62.66 -17.60 -0.78 -0.78 -0.00 -0.00 -0.00
303 -80.23 -3.71 0.00 -71.52 -13.04 0.00 -50.00 -7.46 15.00 -50.00 -10.00 0.00 -67.00 -17.58 -5.80 -0.69 -0.00 -5.12 -0.00
304 -80.21 -3.96 0.00 -71.48 -13.07 0.00 -33.65 -7.44 15.00 -50.00 -10.00 0.00 -73.31 -17.59 -9.36 -0.60 -0.00 -8.76 -0.00
305 -80.05 -4.20 0.00 -71.44 -13.09 0.00 30.00 -7.15 15.00 -50.00 -10.00 0.00 -77.65 -17.63 -11.77 -0.53 -0.00 -11.24 -0.00
306 -79.87 -4.43 0.00 -71.41 -13.12 0.00 -50.00 -5.15 15.00 -50.00 -10.00 0.00 -74.06 -17.65 -5.58 -0.47 -0.00 -5.12 -0.00
307 -79.70 -4.66 0.00 -71.38 -13.14 0.00 -36.80 -5.19 15.00 -50.00 -10.00 0.00 -75.89 -17.67 -9.16 -0.41 -0.00 -8.76 -0.00
308 -79.54 -4.89 0.00 -71.34 -13.16 0.00 13.78 -5.03 15.00 -50.00 -10.00 0.00 -78.04 -17.71 -11.59 -0.36 -0.00 -11.24 -0.00
309 -79.37 -5.11 0.00 -71.31 -13.18 0.00 30.00 -1.37 15.00 -50.00 -10.00 0.00 -79.41 -17.75 -13.13 -0.31 -0.00 -12.82 -0.00
310 -79.21 -5.32 0.00 -71.28 -13.20 0.00 -50.00 0.63 15.00 -50.00 -10.00 0.00 -74.13 -17.77 -5.39 -0.27 -0.00 -5.12 -0.00
311 -79.05 -5.53 0.00 -71.25 -13.23 0.00 -44.44 0.44 15.00 -50.00 -10.00 0.00 -75.69 -17.79 -9.00 -0.24 -0.00 -8.76 -0.00
312 -78.89 -5.74 0.00 -71.22 -13.25 0.00 -28.35 0.32 15.00 -50.00 -10.00 0.00 -77.82 -17.83 -11.45 -0.21 -0.00 -11.24 -0.00
313 -78.73 -5.94 0.00 -71.19 -13.27 0.00 30.00 0.54 15.00 -50.00 -10.00 0.00 -79.21 -17.87 -13.00 -0.18 -0.00 -12.82 -0.00
314 -78.58 -6.13 0.00 -71.16 -13.29 0.00 -50.00 2.54 15.00 -50.00 -10.00 0.00 -73.93 -17.88 -5.28 -0.16 -0.00 -5.12 -0.00
315 -78.43 -6.33 0.00 -71.13 -13.30 0.00 -46.90 2.30 15.00 -50.00 -10.00 0.00 -75.48 -17.90 -8.90 -0.14 -0.00 -8.76 -0.00
316 -78.28 -6.51 0.00 -71.10 -13.32 0.00 -38.60 2.10 15.00 -50.00 -10.00 0.00 -77.64 -17.93 -11.36 -0.12 -0.00 -11.24 -0.00
317 -78.13 -6.69 0.00 -71.08 -13.34 0.00 -7.87 2.03 15.00 -50.00 -10.00 0.00 -79.07 -17.96 -12.93 -0.11 -0.00 -12.82 -0.00
318 -77.98 -6.87 0.00 -71.05 -13.36 0.00 30.00 3.20 15.00 -50.00 -10.00 0.00 -79.80 -18.00 -13.80 -0.09 -0.00 -13.71 -0.00
319 -77.84 -7.05 0.00 -71.02 -13.37 0.00 -50.00 5.20 15.00 -50.00 -10.00 0.00 -73.86 -18.01 -5.20 -0.08 -0.00 -5.12 -0.00
320 -77.69 -7.22 0.00 -71.00 -13.39 0.00 -50.25 4.89 15.00 -50.00 -10.00 0.00 -75.31 -18.03 -8.83 -0.07 -0.00 -8.76 -0.00
321 -77.55 -7.38 0.00 -70.97 -13.41 0.00 -50.43 4.60 15.00 -50.00 -10.00 0.00 -77.46 -18.06 -11.30 -0.06 -0.00 -11.24 -0.00
322 -77.42 -7.54 0.00 -70.95 -13.42 0.00 -50.44 4.30 15.00 -50.00 -10.00 0.00 -78.92 -18.09 -12.87 -0.05 -0.00 -12.82 -0.00
323 -77.28 -7.70 0.00 -70.93 -13.44 0.00 -50.12 4.02 15.00 -50.00 -10.00 0.00 -79.67 -18.13 -13.76 -0.05 -0.00 -13.71 -0.00
324 -77.15 -7.86 0.00 -70.90 -13.45 0.00 -49.03 3.74 15.00 -50.00 -10.00 0.00 -79.96 -18.16 -14.12 -0.04 -0.00 -14.08 -0.00
325 -77.01 -8.01 0.00 -70.88 -13.47 0.00 -46.12 3.48 15.00 -50.00 -10.00 0.00 -79.95 -18.20 -14.09 -0.04 -0.00 -14.05 -0.00
326 -76.88 -8.15 0.00 -70.86 -13.48 0.00 -37.98 3.26 15.00 -50.00 -10.00 0.00 -79.71 -18.23 -13.77 -0.03 -0.00 -13.74 -0.00
327 -76.75 -8.30 0.00 -70.84 -13.50 0.00 -6.96 3.16 15.00 -50.00 -10.00 0.00 -79.33 -18.27 -13.25 -0.03 -0.00 -13.22 -0.00
328 -76.63 -8.44 0.00 -70.82 -13.51 0.00 30.00 4.36 15.00 -50.00 -10.00 0.00 -78.83 -18.30 -12.59 -0.02 -0.00 -12.57 -0.00
329 -76.50 -8.58 0.00 -70.80 -13.52 0.00 -50.00 6.36 15.00 -50.00 -10.00 0.00 -73.44 -18.30 -5.14 -0.02 -0.00 -5.12 -0.00
330 -76.38 -8.71 0.00 -70.78 -13.53 0.00 -51.69 6.03 15.00 -50.00 -10.00 0.00 -74.94 -18.31 -8.77 -0.02 -0.00 -8.76 -0.00
331 -76.26 -8.84 0.00 -70.76 -13.55 0.00 -54.83 5.69 15.00 -50.00 -10.00 0.00 -77.15 -18.33 -11.25 -0.02 -0.00 -11.24 -0.00
332 -76.14 -8.97 0.00 -70.74 -13.56 0.00 -60.01 5.33 15.00 -50.00 -10.00 0.00 -78.66 -18.35 -12.83 -0.01 -0.00 -12.82 -0.00
333 -76.02 -9.09 0.00 -70.72 -13.57 0.00 -66.46 4.96 15.00 -50.00 -10.00 0.00 -79.45 -18.38 -13.72 -0.01 -0.00 -13.71 -0.00
334 -75.91 -9.22 0.00 -70.70 -13.58 0.00 -71.44 4.58 15.00 -50.00 -10.00 0.00 -79.75 -18.41 -14.09 -0.01 -0.00 -14.08 -0.00
335 -75.79 -9.33 0.00 -70.68 -13.59 0.00 -73.57 4.19 15.00 -50.00 -10.00 0.00 -79.75 -18.44 -14.06 -0.01 -0.00 -14.05 -0.00
336 -75.68 -9.45 0.00 -70.66 -13.60 0.00 -73.99 3.81 15.00 -50.00 -10.00 0.00 -79.52 -18.47 -13.75 -0.01 -0.00 -13.74 -0.00
337 -75.57 -9.56 0.00 -70.65 -13.61 0.00 -73.82 3.44 15.00 -50.00 -10.00 0.00 -79.14 -18.50 -13.23 -0.01 -0.00 -13.22 -0.00
338 -75.46 -9.67 0.00 -70.63 -13.62 0.00 -73.48 3.08 15.00 -50.00 -10.00 0.00 -78.64 -18.52 -12.58 -0.01 -0.00 -12.57 -0.00
339 -75.35 -9.78 0.00 -70.62 -13.63 0.00 -73.09 2.72 15.00 -50.00 -10.00 0.00 -78.06 -18.54 -11.84 -0.00 -0.00 -11.83 -0.00
340 -75.25 -9.89 0.00 -70.60 -13.64 0.00 -72.68 2.38 15.00 -50.00 -10.00 0.00 -77.41 -18.56 -11.05 -0.00 -0.00 -11.04 -0.00
341 -75.15 -9.99 0.00 -70.58 -13.65 0.00 -72.27 2.04 15.00 -50.00 -10.00 0.00 -76.73 -18.57 -10.24 -0.00 -0.00 -10.24 -0.00
342 -75.04 -10.09 0.00 -70.57 -13.66 0.00 -71.84 1.71 15.00 -50.00 -10.00 0.00 -76.02 -18.58 -9.43 -0.00 -0.00 -9.43 -0.00
343 -74.94 -10.19 0.00 -70.55 -13.67 0.00 -71.41 1.39 15.00 -50.00 -10.00 0.00 -75.29 -18.58 -8.65 -0.00 -0.00 -8.65 -0.00
344 -74.84 -10.28 0.00 -70.54 -13.68 0.00 -70.97 1.08 15.00 -50.00 -10.00 0.00 -74.55 -18.59 -7.89 -0.00 -0.00 -7.89 -0.00
345 -74.75 -10.38 0.00 -70.53 -13.69 0.00 -70.52 0.78 15.00 -50.00 -10.00 0.00 -73.81 -18.58 -7.17 -0.00 -0.00 -7.17 -0.00
346 -74.65 -10.47 0.00 -70.51 -13.70 0.00 -70.06 0.48 15.00 -50.00 -10.00 0.00 -73.07 -18.58 -6.50 -0.00 -0.00 -6.50 -0.00
347 -74.56 -10.56 0.00 -70.50 -13.71 0.00 -69.59 0.19 15.00 -50.00 -10.00 0.00 -72.34 -18.57 -5.87 -0.00 -0.00 -5.87 -0.00
348 -74.46 -10.64 0.00 -70.49 -13.71 0.00 -69.10 -0.09 15.00 -50.00 -10.00 0.00 -71.61 -18.55 -5.29 -0.00 -0.00 -5.28 -0.00
349 -74.37 -10.73 0.00 -70.47 -13.72 0.00 -68.60 -0.36 15.00 -50.00 -10.00 0.00 -70.89 -18.54 -4.75 -0.00 -0.00 -4.75 -0.00
350 -74.28 -10.81 0.00 -70.46 -13.73 0.00 -68.07 -0.62 15.00 -50.00 -10.00 0.00 -70.18 -18.52 -4.26 -0.00 -0.00 -4.26 -0.00
351 -74.20 -10.89 0.00 -70.45 -13.74 0.00 -67.52 -0.88 15.00 -50.00 -10.00 0.00 -69.49 -18.49 -3.81 -0.00 -0.00 -3.81 -0.00
352 -74.11 -10.97 0.00 -70.44 -13.74 0.00 -66.94 -1.13 15.00 -50.00 -10.00 0.00 -68.80 -18.47 -3.40 -0.00 -0.00 -3.40 -0.00
353 -74.02 -11.05 0.00 -70.43 -13.75 0.00 -66.33 -1.38 15.00 -50.00 -10.00 0.00 -68.12 -18.44 -3.03 -0.00 -0.00 -3.03 -0.00
354 -73.94 -11.12 0.00 -70.42 -13.76 0.00 -65.67 -1.61 15.00 -50.00 -10.00 0.00 -67.44 -18.41 -2.70 -0.00 -0.00 -2.70 -0.00
355 -73.86 -11.20 0.00 -70.41 -13.76 0.00 -64.95 -1.84 15.00 -50.00 -10.00 0.00 -66.77 -18.37 -2.40 -0.00 -0.00 -2.39 -0.00
356 -73.78 -11.27 0.00 -70.40 -13.77 0.00 -64.16 -2.06 15.00 -50.00 -10.00 0.00 -66.10 -18.34 -2.13 -0.00 -0.00 -2.12 -0.00
357 -73.70 -11.34 0.00 -70.38 -13.77 0.00 -63.27 -2.27 15.00 -50.00 -10.00 0.00 -65.43 -18.30 -1.88 -0.00 -0.00 -1.88 -0.00
358 -73.62 -11.40 0.00 -70.37 -13.78 0.00 -62.24 -2.47 15.00 -50.00 -10.00 0.00 -64.75 -18.25 -1.67 -0.00 -0.00 -1.67 -0.00
359 -73.54 -11.47 0.00 -70.37 -13.79 0.00 -61.00 -2.67 15.00 -50.00 -10.00 0.00 -64.04 -18.21 -1.47 -0.00 -0.00 -1.47 -0.00
360 -73.47 -11.53 0.00 -70.36 -13.79 0.00 -59.43 -2.85 15.00 -50.00 -10.00 0.00 -63.31 -18.16 -1.30 -0.00 -0.00 -1.30 -0.00
361 -73.39 -11.60 0.00 -70.35 -13.80 0.00 -57.31 -3.02 15.00 -50.00 -10.00 0.00 -62.53 -18.11 -1.15 -0.00 -0.00 -1.15 -0.00
362 -73.32 -11.66 0.00 -70.34 -13.80 0.00 -54.13 -3.18 15.00 -50.00 -10.00 0.00 -61.68 -18.06 -1.01 -0.00 -0.00 -1.01 -0.00
363 -73.25 -11.72 0.00 -70.33 -13.81 0.00 -48.48 -3.31 15.00 -50.00 -10.00 0.00 -60.71 -18.00 -0.89 -0.00 -0.00 -0.89 -0.00
364 -73.18 -11.78 0.00 -70.32 -13.81 0.00 -35.29 -3.39 15.00 -50.00 -10.00 0.00 -59.58 -17.94 -0.78 -0.00 -0.00 -0.78 -0.00
365 -73.11 -11.83 0.00 -70.31 -13.82 0.00 18.76 -3.24 15.00 -50.00 -10.00 0.00 -58.15 -17.87 -0.69 -0.00 -0.00 -0.69 -0.00
366 -73.04 -11.89 0.00 -70.30 -13.82 0.00 30.00 1.11 15.00 -50.00 -10.00 0.00 -56.21 -17.79 -0.61 -0.00 -0.00 -0.61 -0.00
367 -72.98 -11.94 0.00 -70.30 -13.83 0.00 -50.00 3.11 15.00 -50.00 -10.00 0.00 -58.43 -17.73 -5.12 -0.00 -0.00 -5.12 -0.00
368 -72.91 -12.00 0.00 -70.29 -13.83 0.00 -47.62 2.86 15.00 -50.00 -10.00 0.00 -65.36 -17.70 -8.76 -0.00 -0.00 -8.76 -0.00
369 -72.85 -12.05 0.00 -70.28 -13.84 0.00 -41.33 2.63 15.00 -50.00 -10.00 0.00 -73.83 -17.72 -11.24 -0.00 -0.00 -11.24 -0.00
370 -72.78 -12.10 0.00 -70.27 -13.84 0.00 -20.37 2.50 15.00 -50.00 -10.00 0.00 -78.44 -17.76 -12.82 -0.00 -0.00 -12.82 -0.00
371 -72.72 -12.15 0.00 -70.27 -13.85 0.00 30.00 2.95 15.00 -50.00 -10.00 0.00 -79.81 -17.80 -13.71 -0.00 -0.00 -13.71 -0.00
372 -72.66 -12.19 0.00 -70.26 -13.85 0.00 -50.00 4.95 15.00 -50.00 -10.00 0.00 -73.95 -17.81 -5.12 -0.00 -0.00 -5.12 -0.00
373 -72.60 -12.24 0.00 -70.25 -13.85 0.00 -49.94 4.65 15.00 -50.00 -10.00 0.00 -75.43 -17.83 -8.76 -0.00 -0.00 -8.76 -0.00
374 -72.54 -12.29 0.00 -70.25 -13.86 0.00 -49.44 4.36 15.00 -50.00 -10.00 0.00 -77.59 -17.86 -11.24 -0.00 -0.00 -11.24 -0.00
375 -72.49 -12.33 0.00 -70.24 -13.86 0.00 -47.90 4.08 15.00 -50.00 -10.00 0.00 -79.03 -17.90 -12.82 -0.00 -0.00 -12.82 -0.00
376 -72.43 -12.37 0.00 -70.23 -13.87 0.00 -43.72 3.83 15.00 -50.00 -10.00 0.00 -79.78 -17.94 -13.71 -0.00 -0.00 -13.71 -0.00
377 -72.38 -12.42 0.00 -70.23 -13.87 0.00 -30.89 3.63 15.00 -50.00 -10.00 0.00 -80.07 -17.99 -14.08 -0.00 -0.00 -14.08 -0.00
378 -72.32 -12.46 0.00 -70.22 -13.87 0.00 30.00 3.69 15.00 -50.00 -10.00 0.00 -80.05 -18.03 -14.05 -0.00 -0.00 -14.05 -0.00
379 -72.27 -12.50 0.00 -70.21 -13.88 0.00 -50.00 5.69 15.00 -50.00 -10.00 0.00 -73.82 -18.03 -5.12 -0.00 -0.00 -5.12 -0.00
380 -72.22 -12.54 0.00 -70.21 -13.88 0.00 -50.85 5.37 15.00 -50.00 -10.00 0.00 -75.23 -18.05 -8.76 -0.00 -0.00 -8.76 -0.00
381 -72.17 -12.57 0.00 -70.20 -13.88 0.00 -52.32 5.05 15.00 -50.00 -10.00 0.00 -77.39 -18.08 -11.24 -0.00 -0.00 -11.24 -0.00
382 -72.12 -12.61 0.00 -70.20 -13.89 0.00 -54.89 4.73 15.00 -50.00 -10.00 0.00 -78.86 -18.11 -12.82 -0.00 -0.00 -12.82 -0.00
383 -72.07 -12.65 0.00 -70.19 -13.89 0.00 -59.05 4.40 15.00 -50.00 -10.00 0.00 -79.62 -18.14 -13.71 -0.00 -0.00 -13.71 -0.00
384 -72.02 -12.68 0.00 -70.19 -13.89 0.00 -64.45 4.05 15.00 -50.00 -10.00 0.00 -79.92 -18.18 -14.08 -0.00 -0.00 -14.08 -0.00
385 -71.97 -12.72 0.00 -70.18 -13.89 0.00 -69.27 3.70 15.00 -50.00 -10.00 0.00 -79.91 -18.22 -14.05 -0.00 -0.00 -14.05 -0.00
386 -71.93 -12.75 0.00 -70.18 -13.90 0.00 -71.91 3.33 15.00 -50.00 -10.00 0.00 -79.68 -18.25 -13.74 -0.00 -0.00 -13.74 -0.00
387 -71.88 -12.78 0.00 -70.17 -13.90 0.00 -72.75 2.98 15.00 -50.00 -10.00 0.00 -79.29 -18.28 -13.22 -0.00 -0.00 -13.22 -0.00
388 -71.84 -12.81 0.00 -70.17 -13.90 0.00 -72.77 2.63 15.00 -50.00 -10.00 0.00 -78.80 -18.31 -12.57 -0.00 -0.00 -12.57 -0.00
389 -71.80 -12.84 0.00 -70.16 -13.91 0.00 -72.50 2.28 15.00 -50.00 -10.00 0.00 -78.22 -18.34 -11.83 -0.00 -0.00 -11.83 -0.00
390 -71.75 -12.87 0.00 -70.16 -13.91 0.00 -72.13 1.95 15.00 -50.00 -10.00 0.00 -77.58 -18.36 -11.04 -0.00 -0.00 -11.04 -0.00
391 -71.71 -12.90 0.00 -70.16 -13.91 0.00 -71.72 1.62 15.00 -50.00 -10.00 0.00 -76.90 -18.37 -10.24 -0.00 -0.00 -10.24 -0.00
392 -71.67 -12.93 0.00 -70.15 -13.91 0.00 -71.29 1.31 15.00 -50.00 -10.00 0.00 -76.19 -18.39 -9.43 -0.00 -0.00 -9.43 -0.00
393 -71.63 -12.96 0.00 -70.15 -13.92 0.00 -70.85 1.00 15.00 -50.00 -10.00 0.00 -75.47 -18.40 -8.65 -0.00 -0.00 -8.65 -0.00
394 -71.60 -12.99 0.00 -70.14 -13.92 0.00 -70.40 0.70 15.00 -50.00 -10.00 0.00 -74.73 -18.40 -7.89 -0.00 -0.00 -7.89 -0.00
395 -71.56 -13.01 0.00 -70.14 -13.92 0.00 -69.93 0.40 15.00 -50.00 -10.00 0.00 -74.00 -18.40 -7.17 -0.00 -0.00 -7.17 -0.00
396 -71.52 -13.04 0.00 -70.14 -13.92 0.00 -69.46 0.12 15.00 -50.00 -10.00 0.00 -73.27 -18.40 -6.50 -0.00 -0.00 -6.50 -0.00
397 -71.48 -13.06 0.00 -70.13 -13.92 0.00 -68.96 -0.16 15.00 -50.00 -10.00 0.00 -72.54 -18.40 -5.87 -0.00 -0.00 -5.87 -0.00
398 -71.45 -13.09 0.00 -70.13 -13.93 0.00 -68.45 -0.43 15.00 -50.00 -10.00 0.00 -71.82 -18.39 -5.28 -0.00 -0.00 -5.28 -0.00
399 -71.41 -13.11 0.00 -70.13 -13.93 0.00 -67.92 -0.70 15.00 -50.00 -10.00 0.00 -71.11 -18.38 -4.75 -0.00 -0.00 -4.75 -0.00
400 -71.38 -13.14 0.00 -70.12 -13.93 0.00 -67.37 -0.95 15.00 -50.00 -10.00 0.00 -70.41 -18.36 -4.26 -0.00 -0.00 -4.26 -0.00
401 -71.35 -13.16 0.00 -56.28 -13.88 15.00 -79.29 -1.25 0.00 -50.00 -10.00 0.00 -69.73 -18.34 -3.81 -0.00 -0.00 -3.81 -0.00
